object={
	name="steppe_bush_01_generator_0"
	render_pass=Map
	clamp_to_water_level=no
	generated_content=yes
	layer="grass_layer"
	pdxmesh="steppe_bush_01_mesh"
	count=87
	transform="6398.457031 0.000000 2271.049072 0.000000 0.401879 0.000000 0.915693 0.298487 0.298487 0.298487
6408.020508 0.000000 2195.796875 0.000000 0.417127 0.000000 -0.908848 0.699314 0.699314 0.699314
6412.646973 0.000000 2231.916748 0.000000 0.337693 0.000000 -0.941256 0.708954 0.708954 0.708954
6417.300293 0.000000 2227.912842 0.000000 0.993137 0.000000 -0.116953 0.520266 0.520266 0.520266
6413.202637 0.000000 2225.128174 0.000000 0.905364 0.000000 0.424637 0.426916 0.426916 0.426916
6412.817383 0.000000 2196.252197 0.000000 0.871570 0.000000 -0.490270 0.588907 0.588907 0.588907
6411.727539 0.000000 2228.358154 0.000000 0.927566 0.000000 -0.373660 0.564534 0.564534 0.564534
6408.366211 0.000000 2192.666748 0.000000 0.193300 0.000000 0.981140 0.262062 0.262062 0.262062
6414.678223 0.000000 2229.587402 0.000000 0.022171 0.000000 0.999754 0.229365 0.229365 0.229365
6410.436523 0.000000 2197.726074 0.000000 0.842085 0.000000 0.539344 0.400447 0.400447 0.400447
6410.615723 0.000000 2194.264160 0.000000 0.995238 0.000000 0.097477 0.482938 0.482938 0.482938
6414.883301 0.000000 2227.169434 0.000000 0.454636 0.000000 0.890677 0.307970 0.307970 0.307970
6406.712402 0.000000 2194.063965 0.000000 0.513668 0.000000 -0.857989 0.678305 0.678305 0.678305
6415.427734 0.000000 2231.304932 0.000000 0.163467 0.000000 -0.986549 0.745814 0.745814 0.745814
6412.987793 0.000000 2226.980957 0.000000 0.860790 0.000000 -0.508960 0.592650 0.592650 0.592650
6409.839844 0.000000 2195.945801 0.000000 0.993501 0.000000 0.113820 0.480066 0.480066 0.480066
6463.441895 0.000000 2200.347412 0.000000 0.673836 0.000000 -0.738881 0.636474 0.636474 0.636474
6479.416992 0.000000 2202.056396 0.000000 0.343375 0.000000 -0.939198 0.707163 0.707163 0.707163
6472.012695 0.000000 2195.796875 0.000000 0.960066 0.000000 0.279773 0.453278 0.453278 0.453278
6468.572266 0.000000 2199.795166 0.000000 0.916584 0.000000 0.399842 0.428114 0.428114 0.428114
6474.383301 0.000000 2200.539795 0.000000 0.687129 0.000000 0.726535 0.357875 0.357875 0.357875
6476.809570 0.000000 2196.252197 0.000000 0.373529 0.000000 -0.927619 0.707610 0.707610 0.707610
6465.556152 0.000000 2196.047119 0.000000 0.082283 0.000000 -0.996609 0.748966 0.748966 0.748966
6479.819824 0.000000 2198.489014 0.000000 0.323346 0.000000 -0.946281 0.716968 0.716968 0.716968
6466.175781 0.000000 2201.886719 0.000000 0.563537 0.000000 -0.826091 0.669889 0.669889 0.669889
6471.213379 0.000000 2201.590576 0.000000 0.809525 0.000000 0.587086 0.390347 0.390347 0.390347
6468.657715 0.000000 2203.573730 0.000000 0.094305 0.000000 0.995543 0.246602 0.246602 0.246602
6469.267090 0.000000 2196.909180 0.000000 0.992759 0.000000 0.120120 0.478957 0.478957 0.478957
6477.254395 0.000000 2200.031738 0.000000 0.726200 0.000000 0.687484 0.367530 0.367530 0.367530
6471.818848 0.000000 2198.777100 0.000000 0.775774 0.000000 -0.631010 0.619335 0.619335 0.619335
6474.428711 0.000000 2197.726074 0.000000 0.148318 0.000000 -0.988940 0.748494 0.748494 0.748494
6473.728516 0.000000 2203.305420 0.000000 0.748867 0.000000 -0.662721 0.623890 0.623890 0.623890
6465.820312 0.000000 2198.769531 0.000000 0.869080 0.000000 0.494672 0.409570 0.409570 0.409570
6476.390625 0.000000 2202.534668 0.000000 0.999988 0.000000 0.004931 0.499163 0.499163 0.499163
6467.243164 0.000000 2197.282959 0.000000 0.596870 0.000000 0.802338 0.337265 0.337265 0.337265
6477.904785 0.000000 2198.061768 0.000000 0.276023 0.000000 -0.961151 0.725638 0.725638 0.725638
6469.094238 0.000000 2201.620850 0.000000 0.560530 0.000000 0.828134 0.329476 0.329476 0.329476
6481.633789 0.000000 2198.158691 0.000000 0.021656 0.000000 -0.999765 0.770725 0.770725 0.770725
6476.136230 0.000000 2198.550049 0.000000 0.532495 0.000000 0.846433 0.323625 0.323625 0.323625
6399.933105 0.000000 2273.618896 0.000000 0.198806 0.000000 0.980039 0.269876 0.269876 0.269876
6401.981445 0.000000 2268.995361 0.000000 0.990507 0.000000 0.137460 0.475987 0.475987 0.475987
6403.635742 0.000000 2272.470215 0.000000 0.988349 0.000000 0.152205 0.473297 0.473297 0.473297
6399.293945 0.000000 2270.528564 0.000000 0.194881 0.000000 0.980827 0.260625 0.260625 0.260625
6405.148438 0.000000 2270.190186 0.000000 0.833771 0.000000 -0.552111 0.602215 0.602215 0.602215
6401.509277 0.000000 2271.380127 0.000000 0.977579 0.000000 -0.210569 0.537076 0.537076 0.537076
6403.290039 0.000000 2270.586426 0.000000 0.988028 0.000000 0.154273 0.472931 0.472931 0.472931
6479.652344 0.000000 2348.795654 0.000000 0.599926 0.000000 0.800055 0.339668 0.339668 0.339668
6477.194824 0.000000 2353.096924 0.000000 0.965365 0.000000 -0.260902 0.546129 0.546129 0.546129
6475.270020 0.000000 2349.091553 0.000000 0.807773 0.000000 -0.589494 0.607419 0.607419 0.607419
6480.222656 0.000000 2353.020020 0.000000 0.501368 0.000000 -0.865234 0.672941 0.672941 0.672941
6477.239258 0.000000 2346.818848 0.000000 0.947137 0.000000 0.320828 0.444962 0.444962 0.444962
6474.357422 0.000000 2351.937500 0.000000 0.922684 0.000000 -0.385557 0.569171 0.569171 0.569171
6477.499512 0.000000 2350.479248 0.000000 0.967438 0.000000 0.253108 0.455281 0.455281 0.455281
6480.835449 0.000000 2350.746826 0.000000 0.450302 0.000000 -0.892876 0.688058 0.688058 0.688058
6479.113281 0.000000 2351.513428 0.000000 0.635787 0.000000 -0.771865 0.654096 0.654096 0.654096
6614.169434 0.000000 2334.869385 0.000000 0.654270 0.000000 0.756261 0.358159 0.358159 0.358159
6622.129395 0.000000 2331.696777 0.000000 0.999953 0.000000 -0.009726 0.501627 0.501627 0.501627
6631.123535 0.000000 2329.021240 0.000000 0.455757 0.000000 -0.890104 0.682220 0.682220 0.682220
6606.778809 0.000000 2336.386475 0.000000 0.135562 0.000000 0.990769 0.268955 0.268955 0.268955
6626.290527 0.000000 2329.046631 0.000000 0.966031 0.000000 0.258424 0.454320 0.454320 0.454320
6610.744141 0.000000 2337.564697 0.000000 0.990382 0.000000 0.138357 0.475743 0.475743 0.475743
6610.145020 0.000000 2333.280273 0.000000 0.133927 0.000000 0.990991 0.248966 0.248966 0.248966
6628.482422 0.000000 2332.477295 0.000000 0.882129 0.000000 0.471008 0.417660 0.417660 0.417660
6625.204102 0.000000 2332.604492 0.000000 0.986165 0.000000 0.165767 0.472040 0.472040 0.472040
6628.815918 0.000000 2327.035889 0.000000 0.093428 0.000000 0.995626 0.254749 0.254749 0.254749
6607.166992 0.000000 2333.567139 0.000000 0.999348 0.000000 0.036099 0.493960 0.493960 0.493960
6626.408203 0.000000 2326.453369 0.000000 0.994205 0.000000 -0.107503 0.518622 0.518622 0.518622
6628.586914 0.000000 2329.976318 0.000000 0.410480 0.000000 0.911870 0.300842 0.300842 0.300842
6609.044922 0.000000 2335.473633 0.000000 0.393393 0.000000 -0.919370 0.703852 0.703852 0.703852
6610.508301 0.000000 2330.880859 0.000000 0.875725 0.000000 0.482811 0.413518 0.413518 0.413518
6611.693848 0.000000 2335.147461 0.000000 0.939208 0.000000 -0.343349 0.561249 0.561249 0.561249
6612.385254 0.000000 2332.838623 0.000000 0.998550 0.000000 0.053838 0.490688 0.490688 0.490688
6626.740723 0.000000 2331.097168 0.000000 0.846842 0.000000 0.531845 0.401999 0.401999 0.401999
6694.139648 0.000000 2291.841553 0.000000 0.686014 0.000000 0.727588 0.360658 0.360658 0.360658
6697.796387 0.000000 2287.287842 0.000000 0.907164 0.000000 -0.420778 0.570206 0.570206 0.570206
6683.856445 0.000000 2291.862793 0.000000 0.979213 0.000000 -0.202835 0.533655 0.533655 0.533655
6694.417969 0.000000 2288.151123 0.000000 0.941238 0.000000 0.337745 0.439792 0.439792 0.439792
6686.707031 0.000000 2292.417725 0.000000 0.112509 0.000000 0.993651 0.247924 0.247924 0.247924
6683.462891 0.000000 2294.473389 0.000000 0.445104 0.000000 -0.895479 0.693896 0.693896 0.693896
6688.738281 0.000000 2289.033447 0.000000 0.244332 0.000000 0.969692 0.277716 0.277716 0.277716
6691.941895 0.000000 2290.844971 0.000000 0.775092 0.000000 -0.631848 0.617816 0.617816 0.617816
6685.632812 0.000000 2290.370605 0.000000 0.825618 0.000000 0.564230 0.397477 0.397477 0.397477
6685.970703 0.000000 2297.506592 0.000000 0.920525 0.000000 0.390685 0.429856 0.429856 0.429856
6684.661621 0.000000 2296.046875 0.000000 0.857222 0.000000 0.514947 0.405465 0.405465 0.405465
6693.731445 0.000000 2289.964111 0.000000 0.342659 0.000000 0.939460 0.286611 0.286611 0.286611
6685.240723 0.000000 2293.744141 0.000000 0.937387 0.000000 -0.348290 0.562170 0.562170 0.562170
6692.883789 0.000000 2287.148438 0.000000 0.977738 0.000000 -0.209827 0.536944 0.536944 0.536944
"}
