object={
	name="tree_cypress_01_generator_1_0"
	render_pass=Map
	clamp_to_water_level=no
	generated_content=yes
	layer="tree_high_layer"
	pdxmesh="tree_cypress_01_a_mesh"
	count=67
	transform="6453.208008 0.000000 2237.534912 0.000000 0.256540 0.000000 0.966534 1.000000 1.000000 1.000000
6450.072266 0.000000 2239.443848 0.000000 0.938698 0.000000 0.344741 1.000000 1.000000 1.000000
6456.738770 0.000000 2237.803223 0.000000 0.975733 0.000000 0.218962 1.000000 1.000000 1.000000
6454.272461 0.000000 2240.205322 0.000000 0.665338 0.000000 0.746543 1.000000 1.000000 1.000000
6442.204590 0.000000 2247.399658 0.000000 0.741952 0.000000 0.670453 1.000000 1.000000 1.000000
6422.890137 0.000000 2289.868652 0.000000 0.996301 0.000000 0.085936 1.000000 1.000000 1.000000
6418.844238 0.000000 2277.672363 0.000000 0.605813 0.000000 0.795607 1.000000 1.000000 1.000000
6446.769043 0.000000 2240.881348 0.000000 0.747859 0.000000 0.663857 1.000000 1.000000 1.000000
6450.438477 0.000000 2242.902344 0.000000 0.346683 0.000000 0.937982 1.000000 1.000000 1.000000
6422.228027 0.000000 2279.992432 0.000000 0.982593 0.000000 0.185772 1.000000 1.000000 1.000000
6444.742676 0.000000 2244.379150 0.000000 0.684143 0.000000 0.729347 1.000000 1.000000 1.000000
6457.596680 0.000000 2241.421387 0.000000 0.011766 0.000000 0.999931 1.000000 1.000000 1.000000
6510.761230 0.000000 2240.881348 0.000000 0.837216 0.000000 0.546872 1.000000 1.000000 1.000000
6502.163086 0.000000 2291.841553 0.000000 0.152773 0.000000 0.988261 1.000000 1.000000 1.000000
6504.904297 0.000000 2295.013184 0.000000 0.653137 0.000000 0.757240 1.000000 1.000000 1.000000
6508.734863 0.000000 2244.379150 0.000000 0.996028 0.000000 0.089037 1.000000 1.000000 1.000000
6502.085449 0.000000 2248.313477 0.000000 0.482434 0.000000 0.875933 1.000000 1.000000 1.000000
6548.169434 0.000000 2298.499512 0.000000 0.536062 0.000000 0.844179 1.000000 1.000000 1.000000
6543.576172 0.000000 2301.594482 0.000000 0.343971 0.000000 0.938980 1.000000 1.000000 1.000000
6541.942871 0.000000 2250.618164 0.000000 0.192239 0.000000 0.981348 1.000000 1.000000 1.000000
6539.306641 0.000000 2245.059326 0.000000 0.950395 0.000000 0.311044 1.000000 1.000000 1.000000
6551.492676 0.000000 2249.376709 0.000000 0.916891 0.000000 0.399139 1.000000 1.000000 1.000000
6549.687012 0.000000 2302.160645 0.000000 0.982537 0.000000 0.186069 1.000000 1.000000 1.000000
6554.532227 0.000000 2251.345703 0.000000 0.951215 0.000000 0.308527 1.000000 1.000000 1.000000
6554.229492 0.000000 2244.000244 0.000000 0.311623 0.000000 0.950206 1.000000 1.000000 1.000000
6536.424316 0.000000 2246.353027 0.000000 0.993356 0.000000 0.115082 1.000000 1.000000 1.000000
6628.543945 0.000000 2272.583496 0.000000 0.964349 0.000000 0.264634 1.000000 1.000000 1.000000
6612.698242 0.000000 2265.717285 0.000000 0.370437 0.000000 0.928858 1.000000 1.000000 1.000000
6617.385254 0.000000 2267.292480 0.000000 0.156195 0.000000 0.987726 1.000000 1.000000 1.000000
6620.765625 0.000000 2263.086426 0.000000 0.999049 0.000000 0.043590 1.000000 1.000000 1.000000
6628.482422 0.000000 2268.492920 0.000000 0.200772 0.000000 0.979638 1.000000 1.000000 1.000000
6625.204102 0.000000 2268.620117 0.000000 0.200985 0.000000 0.979594 1.000000 1.000000 1.000000
6458.488770 0.000000 2330.030518 0.000000 0.995404 0.000000 0.095766 1.000000 1.000000 1.000000
6460.648926 0.000000 2324.261230 0.000000 0.740794 0.000000 0.671732 1.000000 1.000000 1.000000
6461.878418 0.000000 2327.753174 0.000000 0.073480 0.000000 0.997297 1.000000 1.000000 1.000000
6471.378418 0.000000 2332.761963 0.000000 0.323857 0.000000 0.946106 1.000000 1.000000 1.000000
6522.480957 0.000000 2330.030518 0.000000 0.790463 0.000000 0.612510 1.000000 1.000000 1.000000
6521.514648 0.000000 2335.426514 0.000000 0.355986 0.000000 0.934491 1.000000 1.000000 1.000000
6465.556152 0.000000 2324.015869 0.000000 0.639307 0.000000 0.768952 1.000000 1.000000 1.000000
6513.112793 0.000000 2336.123535 0.000000 0.643987 0.000000 0.765036 1.000000 1.000000 1.000000
6518.988770 0.000000 2338.728760 0.000000 0.405964 0.000000 0.913889 1.000000 1.000000 1.000000
6548.777832 0.000000 2303.791504 0.000000 0.923243 0.000000 0.384217 1.000000 1.000000 1.000000
6527.917480 0.000000 2337.603271 0.000000 0.103251 0.000000 0.994655 1.000000 1.000000 1.000000
6547.567383 0.000000 2307.068115 0.000000 0.612902 0.000000 0.790159 1.000000 1.000000 1.000000
6527.278320 0.000000 2334.512939 0.000000 0.934605 0.000000 0.355688 1.000000 1.000000 1.000000
6692.392578 0.000000 2285.370850 0.000000 0.883573 0.000000 0.468294 1.000000 1.000000 1.000000
6683.692383 0.000000 2302.426514 0.000000 0.932103 0.000000 0.362195 1.000000 1.000000 1.000000
6680.892578 0.000000 2295.244873 0.000000 0.316471 0.000000 0.948602 1.000000 1.000000 1.000000
6689.621094 0.000000 2291.447998 0.000000 0.135849 0.000000 0.990730 1.000000 1.000000 1.000000
6680.383789 0.000000 2299.537842 0.000000 0.176216 0.000000 0.984352 1.000000 1.000000 1.000000
6683.898438 0.000000 2298.149902 0.000000 0.949809 0.000000 0.312830 1.000000 1.000000 1.000000
6692.470215 0.000000 2281.732422 0.000000 0.233687 0.000000 0.972312 1.000000 1.000000 1.000000
6691.339844 0.000000 2288.427490 0.000000 0.971459 0.000000 0.237207 1.000000 1.000000 1.000000
6756.384766 0.000000 2285.370850 0.000000 0.994494 0.000000 0.104794 1.000000 1.000000 1.000000
6750.494629 0.000000 2295.386963 0.000000 0.794206 0.000000 0.607648 1.000000 1.000000 1.000000
6764.823242 0.000000 2291.908447 0.000000 0.457576 0.000000 0.889170 1.000000 1.000000 1.000000
6757.164062 0.000000 2296.877930 0.000000 0.889928 0.000000 0.456101 1.000000 1.000000 1.000000
6753.613281 0.000000 2291.447998 0.000000 0.548901 0.000000 0.835888 1.000000 1.000000 1.000000
6745.433105 0.000000 2285.838623 0.000000 0.016284 0.000000 0.999867 1.000000 1.000000 1.000000
6749.906738 0.000000 2283.647217 0.000000 0.619195 0.000000 0.785237 1.000000 1.000000 1.000000
6760.873047 0.000000 2295.013184 0.000000 0.458337 0.000000 0.888778 1.000000 1.000000 1.000000
6756.462402 0.000000 2281.732422 0.000000 0.648540 0.000000 0.761180 1.000000 1.000000 1.000000
6754.087891 0.000000 2295.149902 0.000000 0.610512 0.000000 0.792007 1.000000 1.000000 1.000000
6813.871094 0.000000 2288.120361 0.000000 0.530096 0.000000 0.847938 1.000000 1.000000 1.000000
6816.839844 0.000000 2280.321777 0.000000 0.721452 0.000000 0.692465 1.000000 1.000000 1.000000
6808.876953 0.000000 2295.244873 0.000000 0.855327 0.000000 0.518089 1.000000 1.000000 1.000000
6804.942871 0.000000 2293.799316 0.000000 0.219303 0.000000 0.975657 1.000000 1.000000 1.000000
"}
object={
	name="tree_cypress_01_generator_1_1"
	render_pass=Map
	clamp_to_water_level=no
	generated_content=yes
	layer="tree_high_layer"
	pdxmesh="tree_cypress_01_b_mesh"
	count=46
	transform="6507.752441 0.000000 2238.234131 0.000000 0.894899 0.000000 -0.446268 1.000000 1.000000 1.000000
6424.923828 0.000000 2295.244873 0.000000 0.998898 0.000000 -0.046942 1.000000 1.000000 1.000000
6421.284180 0.000000 2284.075928 0.000000 0.777723 0.000000 -0.628608 1.000000 1.000000 1.000000
6425.472168 0.000000 2285.838623 0.000000 0.996783 0.000000 -0.080142 1.000000 1.000000 1.000000
6418.767578 0.000000 2273.580322 0.000000 0.856843 0.000000 -0.515578 1.000000 1.000000 1.000000
6448.275879 0.000000 2245.205078 0.000000 0.999819 0.000000 -0.019029 1.000000 1.000000 1.000000
6506.196777 0.000000 2247.399658 0.000000 0.844834 0.000000 -0.535028 1.000000 1.000000 1.000000
6504.646484 0.000000 2241.524414 0.000000 0.923203 0.000000 -0.384313 1.000000 1.000000 1.000000
6502.441406 0.000000 2288.151123 0.000000 0.954173 0.000000 -0.299255 1.000000 1.000000 1.000000
6507.527344 0.000000 2239.605957 0.000000 0.815340 0.000000 -0.578983 1.000000 1.000000 1.000000
6503.879883 0.000000 2244.742432 0.000000 0.855112 0.000000 -0.518444 1.000000 1.000000 1.000000
6555.570801 0.000000 2247.117920 0.000000 0.972045 0.000000 -0.234793 1.000000 1.000000 1.000000
6546.842285 0.000000 2248.476807 0.000000 0.998089 0.000000 -0.061787 1.000000 1.000000 1.000000
6550.685059 0.000000 2244.756104 0.000000 0.997467 0.000000 -0.071127 1.000000 1.000000 1.000000
6558.280762 0.000000 2250.865479 0.000000 0.871519 0.000000 -0.490362 1.000000 1.000000 1.000000
6543.245605 0.000000 2247.009033 0.000000 0.852503 0.000000 -0.522722 1.000000 1.000000 1.000000
6622.129395 0.000000 2267.712402 0.000000 0.972150 0.000000 -0.234361 1.000000 1.000000 1.000000
6602.367676 0.000000 2264.524170 0.000000 0.782291 0.000000 -0.622913 1.000000 1.000000 1.000000
6611.071777 0.000000 2260.931885 0.000000 0.762691 0.000000 -0.646763 1.000000 1.000000 1.000000
6604.793945 0.000000 2260.236572 0.000000 0.643410 0.000000 -0.765522 1.000000 1.000000 1.000000
6626.290527 0.000000 2265.062256 0.000000 0.960317 0.000000 -0.278912 1.000000 1.000000 1.000000
6632.354492 0.000000 2269.607910 0.000000 0.861341 0.000000 -0.508026 1.000000 1.000000 1.000000
6603.801758 0.000000 2269.086914 0.000000 0.905179 0.000000 -0.425031 1.000000 1.000000 1.000000
6624.282227 0.000000 2271.712402 0.000000 0.786981 0.000000 -0.616977 1.000000 1.000000 1.000000
6607.804199 0.000000 2262.473389 0.000000 0.625054 0.000000 -0.780582 1.000000 1.000000 1.000000
6457.576660 0.000000 2326.378174 0.000000 0.710067 0.000000 -0.704134 1.000000 1.000000 1.000000
6454.836914 0.000000 2330.596191 0.000000 0.711901 0.000000 -0.702280 1.000000 1.000000 1.000000
6524.481445 0.000000 2339.589355 0.000000 0.793968 0.000000 -0.607959 1.000000 1.000000 1.000000
6516.730957 0.000000 2333.660400 0.000000 0.751666 0.000000 -0.659544 1.000000 1.000000 1.000000
6516.127441 0.000000 2337.250488 0.000000 0.727179 0.000000 -0.686448 1.000000 1.000000 1.000000
6466.175781 0.000000 2329.855469 0.000000 0.617202 0.000000 -0.786805 1.000000 1.000000 1.000000
6686.502441 0.000000 2295.386963 0.000000 0.682215 0.000000 -0.731151 1.000000 1.000000 1.000000
6688.855469 0.000000 2280.321777 0.000000 0.869435 0.000000 -0.494047 1.000000 1.000000 1.000000
6688.933105 0.000000 2286.406250 0.000000 0.975345 0.000000 -0.220686 1.000000 1.000000 1.000000
6746.149902 0.000000 2281.258545 0.000000 0.869580 0.000000 -0.493793 1.000000 1.000000 1.000000
6758.131836 0.000000 2291.841553 0.000000 0.967299 0.000000 -0.253639 1.000000 1.000000 1.000000
6752.847656 0.000000 2280.321777 0.000000 0.836496 0.000000 -0.547973 1.000000 1.000000 1.000000
6761.788574 0.000000 2287.287842 0.000000 0.809668 0.000000 -0.586888 1.000000 1.000000 1.000000
6758.410156 0.000000 2288.151123 0.000000 0.995604 0.000000 -0.093668 1.000000 1.000000 1.000000
6761.537109 0.000000 2290.977783 0.000000 0.879606 0.000000 -0.475704 1.000000 1.000000 1.000000
6806.843262 0.000000 2289.868652 0.000000 0.903613 0.000000 -0.428351 1.000000 1.000000 1.000000
6813.888184 0.000000 2275.261963 0.000000 0.857432 0.000000 -0.514597 1.000000 1.000000 1.000000
6809.425293 0.000000 2285.838623 0.000000 0.762538 0.000000 -0.646943 1.000000 1.000000 1.000000
6811.840820 0.000000 2291.862793 0.000000 0.993410 0.000000 -0.114611 1.000000 1.000000 1.000000
6810.118164 0.000000 2288.954346 0.000000 0.608630 0.000000 -0.793454 1.000000 1.000000 1.000000
6676.762207 0.000000 2303.791504 0.000000 0.949539 0.000000 -0.313649 1.000000 1.000000 1.000000
"}
object={
	name="tree_cypress_01_generator_1_2"
	render_pass=Map
	clamp_to_water_level=no
	generated_content=yes
	layer="tree_high_layer"
	pdxmesh="tree_cypress_01_c_mesh"
	count=36
	transform="6459.770020 0.000000 2236.189453 0.000000 0.447629 0.000000 -0.894219 1.000000 1.000000 1.000000
6454.873535 0.000000 2233.219238 0.000000 0.012889 0.000000 -0.999917 1.000000 1.000000 1.000000
6426.188965 0.000000 2281.258545 0.000000 0.158324 0.000000 -0.987387 1.000000 1.000000 1.000000
6427.887695 0.000000 2291.862793 0.000000 0.314279 0.000000 -0.949331 1.000000 1.000000 1.000000
6420.989746 0.000000 2293.799316 0.000000 0.394974 0.000000 -0.918692 1.000000 1.000000 1.000000
6421.437500 0.000000 2275.721191 0.000000 0.289608 0.000000 -0.957145 1.000000 1.000000 1.000000
6426.165039 0.000000 2288.954346 0.000000 0.339497 0.000000 -0.940607 1.000000 1.000000 1.000000
6508.854492 0.000000 2291.908447 0.000000 0.428730 0.000000 -0.903433 1.000000 1.000000 1.000000
6498.733887 0.000000 2250.597900 0.000000 0.014182 0.000000 -0.999899 1.000000 1.000000 1.000000
6508.158203 0.000000 2297.674805 0.000000 0.059381 0.000000 -0.998235 1.000000 1.000000 1.000000
6503.446289 0.000000 2251.488037 0.000000 0.140100 0.000000 -0.990137 1.000000 1.000000 1.000000
6505.568359 0.000000 2290.977783 0.000000 0.492990 0.000000 -0.870035 1.000000 1.000000 1.000000
6504.453125 0.000000 2298.385498 0.000000 0.425512 0.000000 -0.904953 1.000000 1.000000 1.000000
6536.878906 0.000000 2249.698486 0.000000 0.141409 0.000000 -0.989951 1.000000 1.000000 1.000000
6616.210938 0.000000 2261.785400 0.000000 0.055089 0.000000 -0.998481 1.000000 1.000000 1.000000
6607.401367 0.000000 2266.040771 0.000000 0.411948 0.000000 -0.911207 1.000000 1.000000 1.000000
6631.123535 0.000000 2265.036865 0.000000 0.286778 0.000000 -0.957997 1.000000 1.000000 1.000000
6463.441895 0.000000 2328.316162 0.000000 0.470088 0.000000 -0.882620 1.000000 1.000000 1.000000
6468.572266 0.000000 2327.763916 0.000000 0.044575 0.000000 -0.999006 1.000000 1.000000 1.000000
6525.227051 0.000000 2333.338867 0.000000 0.348184 0.000000 -0.937426 1.000000 1.000000 1.000000
6471.213379 0.000000 2329.559326 0.000000 0.328421 0.000000 -0.944531 1.000000 1.000000 1.000000
6543.796387 0.000000 2307.192139 0.000000 0.170603 0.000000 -0.985340 1.000000 1.000000 1.000000
6544.733398 0.000000 2303.443359 0.000000 0.060825 0.000000 -0.998148 1.000000 1.000000 1.000000
6676.153809 0.000000 2298.499512 0.000000 0.076603 0.000000 -0.997062 1.000000 1.000000 1.000000
6685.886719 0.000000 2288.120361 0.000000 0.228460 0.000000 -0.973553 1.000000 1.000000 1.000000
6749.878906 0.000000 2288.120361 0.000000 0.587201 0.000000 -0.809441 1.000000 1.000000 1.000000
6764.126953 0.000000 2297.674805 0.000000 0.438402 0.000000 -0.898779 1.000000 1.000000 1.000000
6767.422852 0.000000 2287.652100 0.000000 0.313464 0.000000 -0.949600 1.000000 1.000000 1.000000
6766.811523 0.000000 2294.989502 0.000000 0.458519 0.000000 -0.888685 1.000000 1.000000 1.000000
6752.925293 0.000000 2286.406250 0.000000 0.231351 0.000000 -0.972870 1.000000 1.000000 1.000000
6746.125977 0.000000 2288.954346 0.000000 0.213534 0.000000 -0.976936 1.000000 1.000000 1.000000
6755.332031 0.000000 2288.427490 0.000000 0.279456 0.000000 -0.960158 1.000000 1.000000 1.000000
6810.142090 0.000000 2281.258545 0.000000 0.034793 0.000000 -0.999395 1.000000 1.000000 1.000000
6808.579590 0.000000 2276.183838 0.000000 0.455695 0.000000 -0.890136 1.000000 1.000000 1.000000
6813.898926 0.000000 2283.647217 0.000000 0.201918 0.000000 -0.979402 1.000000 1.000000 1.000000
6813.268066 0.000000 2279.025635 0.000000 0.411358 0.000000 -0.911474 1.000000 1.000000 1.000000
"}
