object={
	name="tree_leaf_high_generator_2_0"
	render_pass=Map
	clamp_to_water_level=no
	generated_content=yes
	layer="tree_high_layer"
	pdxmesh="tree_leaf_01_b_mesh"
	count=95
	transform="2302.037109 0.000000 616.004578 0.000000 0.929860 0.000000 0.367914 0.392099 0.392099 0.392099
2302.385742 0.000000 600.175110 0.000000 0.364444 0.000000 0.931225 0.372490 0.372490 0.372490
2301.313965 0.000000 608.941589 0.000000 0.242445 0.000000 0.970165 0.366236 0.366236 0.366236
2421.700195 0.000000 573.941223 0.000000 0.221335 0.000000 0.975198 0.373085 0.373085 0.373085
2418.564209 0.000000 575.850098 0.000000 0.969550 0.000000 0.244895 0.393576 0.393576 0.393576
2425.230957 0.000000 574.209473 0.000000 0.769342 0.000000 0.638837 0.382007 0.382007 0.382007
2320.311768 0.000000 579.614075 0.000000 0.975958 0.000000 -0.217957 0.402304 0.402304 0.402304
2327.200439 0.000000 581.162354 0.000000 0.311192 0.000000 0.950347 0.383716 0.383716 0.383716
2329.125977 0.000000 612.590027 0.000000 0.157197 0.000000 -0.987567 0.418343 0.418343 0.418343
2318.458496 0.000000 587.024475 0.000000 0.769995 0.000000 0.638049 0.391017 0.391017 0.391017
2310.543457 0.000000 590.762939 0.000000 0.999355 0.000000 -0.035912 0.400466 0.400466 0.400466
2323.594727 0.000000 597.338196 0.000000 0.990483 0.000000 -0.137636 0.401724 0.401724 0.401724
2308.630371 0.000000 629.280212 0.000000 0.666135 0.000000 0.745831 0.389913 0.389913 0.389913
2326.728027 0.000000 616.398621 0.000000 0.950478 0.000000 -0.310791 0.407732 0.407732 0.407732
2322.471191 0.000000 618.218018 0.000000 0.460965 0.000000 -0.887418 0.428345 0.428345 0.428345
2308.135742 0.000000 608.876465 0.000000 0.191397 0.000000 -0.981513 0.435784 0.435784 0.435784
2315.319336 0.000000 617.440247 0.000000 0.603325 0.000000 -0.797496 0.423968 0.423968 0.423968
2319.501221 0.000000 612.757812 0.000000 0.279294 0.000000 0.960206 0.366565 0.366565 0.366565
2309.207275 0.000000 594.181763 0.000000 0.856234 0.000000 -0.516588 0.413824 0.413824 0.413824
2316.227295 0.000000 628.748901 0.000000 0.386545 0.000000 -0.922270 0.430480 0.430480 0.430480
2315.502197 0.000000 609.026794 0.000000 0.555779 0.000000 -0.831330 0.425484 0.425484 0.425484
2320.327393 0.000000 598.879578 0.000000 0.339597 0.000000 -0.940571 0.431788 0.431788 0.431788
2308.987549 0.000000 617.533569 0.000000 0.764836 0.000000 -0.644225 0.418175 0.418175 0.418175
2312.156494 0.000000 615.784973 0.000000 0.620724 0.000000 0.784029 0.376603 0.376603 0.376603
2311.301758 0.000000 622.507751 0.000000 0.353233 0.000000 0.935535 0.368589 0.368589 0.368589
2325.937256 0.000000 612.127563 0.000000 0.343353 0.000000 0.939206 0.368316 0.368316 0.368316
2330.664795 0.000000 625.360657 0.000000 0.601756 0.000000 -0.798680 0.424019 0.424019 0.424019
2306.683350 0.000000 602.277405 0.000000 0.162282 0.000000 -0.986744 0.436552 0.436552 0.436552
2319.177734 0.000000 629.978027 0.000000 0.378093 0.000000 -0.925768 0.430717 0.430717 0.430717
2303.793701 0.000000 606.934814 0.000000 0.714952 0.000000 -0.699173 0.420102 0.420102 0.420102
2311.721191 0.000000 601.981079 0.000000 0.953022 0.000000 0.302900 0.392010 0.392010 0.392010
2309.774414 0.000000 597.299805 0.000000 0.962640 0.000000 0.270785 0.390827 0.390827 0.390827
2391.192627 0.000000 581.162354 0.000000 0.057243 0.000000 -0.998360 0.414359 0.414359 0.414359
2404.000000 0.000000 592.409424 0.000000 0.828017 0.000000 0.560703 0.392273 0.392273 0.392273
2408.869873 0.000000 606.014038 0.000000 0.993165 0.000000 -0.116721 0.401519 0.401519 0.401519
2400.406250 0.000000 581.904541 0.000000 0.970855 0.000000 0.239666 0.396858 0.396858 0.396858
2406.197510 0.000000 596.532898 0.000000 0.125095 0.000000 -0.992145 0.418764 0.418764 0.418764
2402.144287 0.000000 627.854248 0.000000 0.455162 0.000000 -0.890409 0.416999 0.416999 0.416999
2396.379395 0.000000 628.269043 0.000000 0.782724 0.000000 0.622369 0.388260 0.388260 0.388260
2420.220215 0.000000 626.405029 0.000000 0.745287 0.000000 -0.666744 0.414212 0.414212 0.414212
2389.481689 0.000000 630.205505 0.000000 0.998989 0.000000 -0.044945 0.400853 0.400853 0.400853
2396.421387 0.000000 634.556213 0.000000 0.786237 0.000000 -0.617925 0.417295 0.417295 0.417295
2386.463379 0.000000 618.218018 0.000000 0.412924 0.000000 -0.910766 0.429732 0.429732 0.429732
2397.806641 0.000000 615.431946 0.000000 0.210371 0.000000 -0.977622 0.435281 0.435281 0.435281
2383.493408 0.000000 612.757812 0.000000 0.244424 0.000000 0.969668 0.365627 0.365627 0.365627
2415.342773 0.000000 631.395813 0.000000 0.984633 0.000000 0.174638 0.396231 0.396231 0.396231
2430.896973 0.000000 582.762329 0.000000 0.987975 0.000000 0.154615 0.395969 0.395969 0.395969
2424.218262 0.000000 584.052673 0.000000 0.175113 0.000000 0.984548 0.363786 0.363786 0.363786
2401.456055 0.000000 622.812378 0.000000 0.989563 0.000000 0.144098 0.396607 0.396607 0.396607
2418.564209 0.000000 639.834473 0.000000 0.000393 0.000000 1.000000 0.359226 0.359226 0.359226
2426.088623 0.000000 577.827698 0.000000 0.621040 0.000000 0.783779 0.376613 0.376613 0.376613
2418.719971 0.000000 586.031311 0.000000 0.714340 0.000000 0.699799 0.379875 0.379875 0.379875
2410.068359 0.000000 627.384033 0.000000 0.388399 0.000000 -0.921491 0.430427 0.430427 0.430427
2416.986328 0.000000 627.416077 0.000000 0.860293 0.000000 -0.509800 0.413890 0.413890 0.413890
2389.929443 0.000000 612.127563 0.000000 0.668428 0.000000 0.743777 0.378224 0.378224 0.378224
2416.767822 0.000000 581.611328 0.000000 0.979952 0.000000 -0.199234 0.405208 0.405208 0.405208
2394.656982 0.000000 625.360657 0.000000 0.961643 0.000000 -0.274303 0.407214 0.407214 0.407214
2416.251465 0.000000 601.015869 0.000000 0.028231 0.000000 -0.999601 0.439281 0.439281 0.439281
2411.420410 0.000000 594.536316 0.000000 0.604890 0.000000 -0.796309 0.424837 0.424837 0.424837
2420.078369 0.000000 633.675171 0.000000 0.102565 0.000000 -0.994726 0.438117 0.438117 0.438117
2430.567871 0.000000 589.250122 0.000000 0.900631 0.000000 0.434585 0.388327 0.388327 0.388327
2419.651855 0.000000 576.296082 0.000000 0.972050 0.000000 0.234774 0.393847 0.393847 0.393847
2413.006104 0.000000 625.297852 0.000000 0.685450 0.000000 -0.728119 0.421990 0.421990 0.421990
2400.656006 0.000000 613.777100 0.000000 0.382349 0.000000 0.924018 0.360576 0.360576 0.360576
2400.850830 0.000000 634.265320 0.000000 0.060751 0.000000 -0.998153 0.445238 0.445238 0.445238
2398.103760 0.000000 607.179810 0.000000 0.717198 0.000000 0.696869 0.369972 0.369972 0.369972
2401.758789 0.000000 610.877991 0.000000 0.992878 0.000000 0.119132 0.395349 0.395349 0.395349
2396.418701 0.000000 602.160339 0.000000 0.927461 0.000000 -0.373921 0.414925 0.414925 0.414925
2396.057617 0.000000 605.388062 0.000000 0.818998 0.000000 -0.573797 0.423801 0.423801 0.423801
2462.636963 0.000000 604.118774 0.000000 0.753849 0.000000 -0.657048 0.404653 0.404653 0.404653
2462.419189 0.000000 611.668152 0.000000 0.974798 0.000000 -0.223091 0.401460 0.401460 0.401460
2465.370850 0.000000 616.727966 0.000000 0.992972 0.000000 0.118354 0.398993 0.398993 0.398993
2453.205811 0.000000 602.123474 0.000000 0.456495 0.000000 0.889726 0.389595 0.389595 0.389595
2457.110352 0.000000 612.590027 0.000000 0.384083 0.000000 0.923299 0.384726 0.384726 0.384726
2466.798096 0.000000 601.468567 0.000000 0.111133 0.000000 0.993806 0.381054 0.381054 0.381054
2457.892578 0.000000 603.698730 0.000000 0.756829 0.000000 -0.653613 0.409248 0.409248 0.409248
2459.271973 0.000000 608.109680 0.000000 0.771838 0.000000 -0.635819 0.408946 0.408946 0.408946
2435.872070 0.000000 577.112976 0.000000 0.981712 0.000000 -0.190374 0.403921 0.403921 0.403921
2434.984131 0.000000 581.730774 0.000000 0.709486 0.000000 0.704720 0.379695 0.379695 0.379695
2431.824219 0.000000 588.346985 0.000000 0.344347 0.000000 0.938843 0.368343 0.368343 0.368343
2470.577393 0.000000 584.719666 0.000000 0.667117 0.000000 0.744953 0.378178 0.378178 0.378178
2431.728027 0.000000 582.543274 0.000000 0.064173 0.000000 -0.997939 0.439117 0.439117 0.439117
2472.371826 0.000000 581.148743 0.000000 0.627962 0.000000 -0.778244 0.423156 0.423156 0.423156
2432.235107 0.000000 576.009216 0.000000 0.993663 0.000000 -0.112404 0.402925 0.402925 0.402925
2469.292725 0.000000 589.591675 0.000000 0.963864 0.000000 -0.266396 0.406867 0.406867 0.406867
2336.414062 0.000000 645.888916 0.000000 0.516319 0.000000 -0.856396 0.413349 0.413349 0.413349
2329.177246 0.000000 641.506287 0.000000 0.699519 0.000000 0.714614 0.384101 0.384101 0.384101
2403.207031 0.000000 640.406250 0.000000 0.819015 0.000000 0.573772 0.398169 0.398169 0.398169
2409.252686 0.000000 656.255920 0.000000 0.178993 0.000000 -0.983850 0.407639 0.407639 0.407639
2415.564209 0.000000 648.718018 0.000000 0.997759 0.000000 0.066909 0.399131 0.399131 0.399131
2414.283936 0.000000 657.174561 0.000000 0.903620 0.000000 0.428336 0.394253 0.394253 0.394253
2421.823730 0.000000 655.624817 0.000000 0.494741 0.000000 -0.869040 0.413673 0.413673 0.413673
2423.615967 0.000000 644.398071 0.000000 0.882581 0.000000 0.470160 0.391446 0.391446 0.391446
2418.719971 0.000000 650.015686 0.000000 0.641427 0.000000 0.767184 0.377733 0.377733 0.377733
4498.667480 0.000000 2250.736572 0.000000 0.488530 0.000000 -0.872547 0.470419 0.470419 0.470419
"}
