object={
	name="tree_leaf_high_generator_1_0"
	render_pass=Map
	clamp_to_water_level=no
	generated_content=yes
	layer="tree_high_layer"
	pdxmesh="tree_leaf_01_a_mesh"
	count=137
	transform="2300.184326 0.000000 619.668823 0.000000 0.940857 0.000000 -0.338804 0.802761 0.802761 0.802761
2302.218262 0.000000 602.915710 0.000000 0.995868 0.000000 -0.090808 0.809444 0.809444 0.809444
2396.215332 0.000000 574.848328 0.000000 0.977415 0.000000 0.211330 0.796172 0.796172 0.796172
2390.194336 0.000000 574.582458 0.000000 0.970217 0.000000 -0.242239 0.812705 0.812705 0.812705
2430.665527 0.000000 574.529968 0.000000 0.984379 0.000000 -0.176064 0.817321 0.817321 0.817321
2329.004150 0.000000 593.811768 0.000000 0.999153 0.000000 0.041139 0.797863 0.797863 0.797863
2332.387207 0.000000 628.269043 0.000000 0.960263 0.000000 0.279097 0.785312 0.785312 0.785312
2328.915039 0.000000 635.944153 0.000000 0.047948 0.000000 -0.998850 0.879078 0.879078 0.879078
2322.093750 0.000000 589.167542 0.000000 0.120987 0.000000 0.992654 0.724729 0.724729 0.724729
2329.177246 0.000000 577.521912 0.000000 0.863755 0.000000 -0.503912 0.827424 0.827424 0.827424
2326.202148 0.000000 638.566833 0.000000 0.098638 0.000000 -0.995123 0.876438 0.876438 0.876438
2332.429199 0.000000 634.556213 0.000000 0.820428 0.000000 -0.571749 0.830390 0.830390 0.830390
2319.760986 0.000000 583.415283 0.000000 0.117690 0.000000 0.993050 0.724557 0.724557 0.724557
2317.340088 0.000000 635.879333 0.000000 0.827704 0.000000 -0.561164 0.847598 0.847598 0.847598
2312.866211 0.000000 593.057495 0.000000 0.274249 0.000000 -0.961659 0.903296 0.903296 0.903296
2309.127686 0.000000 626.152710 0.000000 0.417513 0.000000 0.908671 0.697534 0.697534 0.697534
2306.181152 0.000000 612.556274 0.000000 0.622022 0.000000 0.783000 0.706584 0.706584 0.706584
2320.729980 0.000000 625.442017 0.000000 0.903808 0.000000 -0.427938 0.845926 0.845926 0.845926
2317.746582 0.000000 619.240662 0.000000 0.994635 0.000000 0.103444 0.789237 0.789237 0.789237
2324.507568 0.000000 627.027466 0.000000 0.894713 0.000000 0.446642 0.751914 0.751914 0.751914
2306.527100 0.000000 615.801636 0.000000 0.097219 0.000000 -0.995263 0.953024 0.953024 0.953024
2309.165039 0.000000 603.964294 0.000000 0.980847 0.000000 0.194781 0.779641 0.779641 0.779641
2317.636963 0.000000 593.444153 0.000000 0.996691 0.000000 0.081288 0.793499 0.793499 0.793499
2303.768799 0.000000 603.843079 0.000000 0.122345 0.000000 -0.992488 0.950399 0.950399 0.950399
2326.801270 0.000000 623.333008 0.000000 0.091943 0.000000 -0.995764 0.953575 0.953575 0.953575
2317.761719 0.000000 600.422241 0.000000 0.987627 0.000000 -0.156824 0.816355 0.816355 0.816355
2322.556152 0.000000 600.750244 0.000000 0.305442 0.000000 0.952211 0.679169 0.679169 0.679169
2314.864746 0.000000 624.359436 0.000000 0.705468 0.000000 -0.708742 0.881809 0.881809 0.881809
2329.386963 0.000000 628.550598 0.000000 0.506543 0.000000 -0.862215 0.903819 0.903819 0.903819
2319.690186 0.000000 605.989014 0.000000 0.721791 0.000000 -0.692111 0.879389 0.879389 0.879389
2312.326416 0.000000 599.167786 0.000000 0.969636 0.000000 -0.244553 0.825659 0.825659 0.825659
2311.733154 0.000000 612.952698 0.000000 0.068576 0.000000 -0.997646 0.956010 0.956010 0.956010
2322.952881 0.000000 621.423828 0.000000 0.429831 0.000000 0.902909 0.683007 0.683007 0.683007
2316.888428 0.000000 611.462341 0.000000 0.662980 0.000000 0.748637 0.712137 0.712137 0.712137
2308.403320 0.000000 620.380310 0.000000 0.601855 0.000000 0.798605 0.703936 0.703936 0.703936
2314.936279 0.000000 598.116760 0.000000 0.100328 0.000000 -0.994954 0.952700 0.952700 0.952700
2315.115479 0.000000 594.654785 0.000000 0.659944 0.000000 0.751315 0.713414 0.713414 0.713414
2314.236328 0.000000 603.695984 0.000000 0.827432 0.000000 -0.561566 0.861927 0.861927 0.861927
2311.259766 0.000000 628.467773 0.000000 0.872995 0.000000 -0.487730 0.852914 0.852914 0.852914
2306.328125 0.000000 599.160156 0.000000 0.945422 0.000000 -0.325848 0.839774 0.839774 0.839774
2323.843506 0.000000 632.325134 0.000000 0.770587 0.000000 0.637335 0.728232 0.728232 0.728232
2309.464111 0.000000 611.239990 0.000000 0.000052 0.000000 1.000000 0.636868 0.636868 0.636868
2316.897949 0.000000 602.925232 0.000000 0.520831 0.000000 -0.853660 0.906242 0.906242 0.906242
2309.648193 0.000000 606.596558 0.000000 0.775082 0.000000 0.631860 0.728967 0.728967 0.728967
2313.518311 0.000000 607.273438 0.000000 0.898606 0.000000 0.438757 0.752827 0.752827 0.752827
2318.007324 0.000000 622.901001 0.000000 0.145943 0.000000 -0.989293 0.947926 0.947926 0.947926
2412.657715 0.000000 634.081116 0.000000 0.856034 0.000000 -0.516920 0.815190 0.815190 0.815190
2417.612305 0.000000 608.545288 0.000000 0.949639 0.000000 0.313346 0.783450 0.783450 0.783450
2429.492432 0.000000 592.325378 0.000000 0.787161 0.000000 0.616748 0.769470 0.769470 0.769470
2409.125000 0.000000 610.292419 0.000000 0.484904 0.000000 -0.874568 0.855280 0.855280 0.855280
2417.410645 0.000000 604.243042 0.000000 0.646859 0.000000 0.762610 0.754961 0.754961 0.754961
2393.169434 0.000000 577.521912 0.000000 0.717122 0.000000 0.696947 0.759957 0.759957 0.759957
2385.087646 0.000000 633.175537 0.000000 0.492050 0.000000 0.870567 0.745145 0.745145 0.745145
2385.240967 0.000000 575.865173 0.000000 0.999048 0.000000 0.043625 0.797734 0.797734 0.797734
2411.512939 0.000000 615.937988 0.000000 0.894610 0.000000 -0.446847 0.824055 0.824055 0.824055
2406.941162 0.000000 624.557312 0.000000 0.128147 0.000000 -0.991755 0.900821 0.900821 0.900821
2419.924316 0.000000 597.588562 0.000000 0.283861 0.000000 0.958865 0.684691 0.684691 0.684691
2413.098145 0.000000 622.253296 0.000000 0.998573 0.000000 0.053400 0.795412 0.795412 0.795412
2398.571533 0.000000 636.829163 0.000000 0.531920 0.000000 -0.846795 0.886734 0.886734 0.886734
2402.462646 0.000000 619.888184 0.000000 0.524816 0.000000 0.851216 0.708480 0.708480 0.708480
2429.590332 0.000000 580.016418 0.000000 0.507254 0.000000 -0.861796 0.907886 0.907886 0.907886
2426.691406 0.000000 586.412537 0.000000 0.723493 0.000000 -0.690332 0.879133 0.879133 0.879133
2392.230469 0.000000 601.173401 0.000000 0.266520 0.000000 -0.963829 0.935119 0.935119 0.935119
2388.499756 0.000000 627.027466 0.000000 0.678566 0.000000 0.734539 0.732444 0.732444 0.732444
2390.793457 0.000000 623.333008 0.000000 0.472374 0.000000 -0.881398 0.912042 0.912042 0.912042
2399.230225 0.000000 628.823975 0.000000 0.490529 0.000000 -0.871425 0.897211 0.897211 0.897211
2392.540771 0.000000 609.530518 0.000000 0.476884 0.000000 0.878966 0.688490 0.688490 0.688490
2391.025635 0.000000 604.394226 0.000000 0.213746 0.000000 0.976889 0.659234 0.659234 0.659234
2386.548340 0.000000 600.750244 0.000000 0.890588 0.000000 0.454812 0.760393 0.760393 0.760393
2407.141602 0.000000 612.416260 0.000000 0.860414 0.000000 0.509596 0.746602 0.746602 0.746602
2396.005127 0.000000 613.190735 0.000000 0.756789 0.000000 -0.653660 0.873988 0.873988 0.873988
2412.338135 0.000000 631.127563 0.000000 0.254533 0.000000 0.967064 0.687201 0.687201 0.687201
2420.315918 0.000000 589.138794 0.000000 0.934139 0.000000 0.356909 0.762097 0.762097 0.762097
2415.181152 0.000000 587.634216 0.000000 0.363106 0.000000 -0.931748 0.924544 0.924544 0.924544
2412.846680 0.000000 585.720947 0.000000 0.910501 0.000000 0.413507 0.755726 0.755726 0.755726
2392.096191 0.000000 618.868713 0.000000 0.141726 0.000000 0.989906 0.651632 0.651632 0.651632
2386.945068 0.000000 621.423828 0.000000 0.820072 0.000000 0.572260 0.736724 0.736724 0.736724
2417.317383 0.000000 592.156860 0.000000 0.200744 0.000000 -0.979644 0.942146 0.942146 0.942146
2408.187012 0.000000 598.540833 0.000000 0.957650 0.000000 0.287936 0.773750 0.773750 0.773750
2413.557373 0.000000 596.417969 0.000000 0.993774 0.000000 0.111414 0.788405 0.788405 0.788405
2406.683105 0.000000 593.708130 0.000000 0.966184 0.000000 -0.257853 0.823440 0.823440 0.823440
2408.888672 0.000000 595.801453 0.000000 0.877867 0.000000 0.478905 0.748133 0.748133 0.748133
2393.237061 0.000000 615.340515 0.000000 0.292653 0.000000 0.956219 0.667708 0.667708 0.667708
2414.800293 0.000000 590.494080 0.000000 0.998720 0.000000 -0.050587 0.805256 0.805256 0.805256
2405.149414 0.000000 630.637878 0.000000 0.340308 0.000000 -0.940314 0.939292 0.939292 0.939292
2393.221680 0.000000 606.328308 0.000000 0.734019 0.000000 0.679129 0.722463 0.722463 0.722463
2394.661865 0.000000 600.106262 0.000000 0.923366 0.000000 -0.383920 0.848793 0.848793 0.848793
2404.172852 0.000000 615.605774 0.000000 0.980964 0.000000 0.194188 0.776971 0.776971 0.776971
2410.305420 0.000000 586.518188 0.000000 0.837976 0.000000 -0.545707 0.859949 0.859949 0.859949
2416.098877 0.000000 595.177002 0.000000 0.201894 0.000000 -0.979407 0.942024 0.942024 0.942024
2396.887695 0.000000 622.162903 0.000000 0.999759 0.000000 -0.021947 0.802280 0.802280 0.802280
2413.069092 0.000000 599.129395 0.000000 0.985971 0.000000 0.166917 0.782583 0.782583 0.782583
2396.020996 0.000000 610.575317 0.000000 0.673438 0.000000 0.739244 0.711935 0.711935 0.711935
2403.689209 0.000000 635.056458 0.000000 0.247427 0.000000 0.968907 0.633812 0.633812 0.633812
2403.251221 0.000000 607.102966 0.000000 0.962180 0.000000 0.272414 0.757019 0.757019 0.757019
2400.507080 0.000000 602.534058 0.000000 0.999934 0.000000 -0.011457 0.801579 0.801579 0.801579
2398.709473 0.000000 609.408997 0.000000 0.865557 0.000000 0.500811 0.718286 0.718286 0.718286
2405.218262 0.000000 611.355042 0.000000 0.166796 0.000000 0.985991 0.581400 0.581400 0.581400
2398.493896 0.000000 633.912781 0.000000 0.928263 0.000000 0.371925 0.731500 0.731500 0.731500
2476.244385 0.000000 574.640320 0.000000 0.981618 0.000000 -0.190856 0.809972 0.809972 0.809972
2479.334961 0.000000 567.411438 0.000000 0.795976 0.000000 -0.605328 0.833763 0.833763 0.833763
2462.402100 0.000000 624.526489 0.000000 0.445169 0.000000 0.895447 0.782274 0.782274 0.782274
2469.130371 0.000000 581.603516 0.000000 0.873602 0.000000 -0.486640 0.813196 0.813196 0.813196
2479.556396 0.000000 584.733643 0.000000 0.736954 0.000000 -0.675943 0.822237 0.822237 0.822237
2472.862061 0.000000 606.014038 0.000000 0.379186 0.000000 0.925320 0.757511 0.757511 0.757511
2462.429688 0.000000 620.053406 0.000000 0.819447 0.000000 -0.573156 0.831695 0.831695 0.831695
2456.988525 0.000000 593.811768 0.000000 0.177081 0.000000 0.984196 0.727676 0.727676 0.727676
2464.789551 0.000000 608.118774 0.000000 0.807139 0.000000 0.590362 0.767207 0.767207 0.767207
2467.717041 0.000000 613.000122 0.000000 0.442256 0.000000 -0.896889 0.857780 0.857780 0.857780
2482.922852 0.000000 579.308594 0.000000 0.281380 0.000000 0.959596 0.733243 0.733243 0.733243
2468.990234 0.000000 604.899292 0.000000 0.858625 0.000000 -0.512604 0.833323 0.833323 0.833323
2477.227051 0.000000 580.785400 0.000000 0.635759 0.000000 0.771888 0.741881 0.741881 0.741881
2461.798828 0.000000 615.431946 0.000000 0.979109 0.000000 -0.203337 0.810633 0.810633 0.810633
2437.591064 0.000000 583.754761 0.000000 0.937771 0.000000 -0.347255 0.824791 0.824791 0.824791
2475.412598 0.000000 594.536316 0.000000 0.812810 0.000000 -0.582529 0.855888 0.855888 0.855888
2469.323730 0.000000 599.457642 0.000000 0.195155 0.000000 0.980772 0.679221 0.679221 0.679221
2470.675293 0.000000 593.708130 0.000000 0.819663 0.000000 -0.572846 0.863350 0.863350 0.863350
2472.880859 0.000000 595.801453 0.000000 0.933234 0.000000 0.359270 0.761834 0.761834 0.761834
2475.942627 0.000000 591.394531 0.000000 0.999803 0.000000 0.019830 0.797940 0.797940 0.797940
2474.297607 0.000000 586.518188 0.000000 0.288485 0.000000 -0.957484 0.932744 0.932744 0.932744
2473.966064 0.000000 589.578979 0.000000 0.851857 0.000000 0.523775 0.742746 0.742746 0.742746
2327.200439 0.000000 645.146729 0.000000 0.060270 0.000000 0.998182 0.763798 0.763798 0.763798
2343.953857 0.000000 651.878723 0.000000 0.866112 0.000000 0.499851 0.773865 0.773865 0.773865
2334.796143 0.000000 651.256104 0.000000 0.438119 0.000000 0.898917 0.755370 0.755370 0.755370
2321.248779 0.000000 639.849548 0.000000 0.928484 0.000000 0.371372 0.780242 0.780242 0.780242
2379.814453 0.000000 645.450073 0.000000 0.641627 0.000000 0.767017 0.768573 0.768573 0.768573
2422.407227 0.000000 651.107605 0.000000 0.807505 0.000000 -0.589861 0.832761 0.832761 0.832761
2418.930664 0.000000 643.292969 0.000000 0.211013 0.000000 0.977483 0.718621 0.718621 0.718621
2385.240967 0.000000 639.849548 0.000000 0.194174 0.000000 -0.980967 0.871421 0.871421 0.871421
2419.651855 0.000000 640.280457 0.000000 0.414794 0.000000 0.909915 0.699548 0.699548 0.699548
2415.181152 0.000000 651.618591 0.000000 0.556027 0.000000 -0.831164 0.886226 0.886226 0.886226
4476.075195 0.000000 2251.897217 0.000000 0.623282 0.000000 0.781997 0.678059 0.678059 0.678059
4476.481934 0.000000 2253.982910 0.000000 0.847240 0.000000 -0.531211 0.980080 0.980080 0.980080
4482.417969 0.000000 2265.871094 0.000000 0.921361 0.000000 -0.388707 0.837476 0.837476 0.837476
4496.785156 0.000000 2249.742676 0.000000 0.606730 0.000000 -0.794908 1.157859 1.157859 1.157859
4495.841797 0.000000 2251.981201 0.000000 0.099140 0.000000 0.995073 0.526680 0.526680 0.526680
4483.215332 0.000000 2267.398926 0.000000 0.842836 0.000000 0.538170 0.603652 0.603652 0.603652
"}
