object={
	name="tree_leaf_high_generator_3_0"
	render_pass=Map
	clamp_to_water_level=no
	generated_content=yes
	layer="tree_high_layer"
	pdxmesh="tree_leaf_01_c_mesh"
	count=194
	transform="2300.996826 0.000000 612.011292 0.000000 0.999446 0.000000 0.033285 0.799202 0.799202 0.799202
2301.742432 0.000000 605.760803 0.000000 0.689779 0.000000 -0.724020 0.822800 0.822800 0.822800
2408.032715 0.000000 573.815613 0.000000 0.934167 0.000000 0.356836 0.794316 0.794316 0.794316
2428.262207 0.000000 572.595703 0.000000 0.817412 0.000000 0.576054 0.783448 0.783448 0.783448
2418.072998 0.000000 572.267456 0.000000 0.620564 0.000000 0.784156 0.788119 0.788119 0.788119
2384.083740 0.000000 574.016418 0.000000 0.970310 0.000000 0.241864 0.796194 0.796194 0.796194
2324.685059 0.000000 634.905640 0.000000 0.978249 0.000000 -0.207433 0.804632 0.804632 0.804632
2305.221191 0.000000 591.715820 0.000000 0.121952 0.000000 0.992536 0.799132 0.799132 0.799132
2326.692383 0.000000 607.291260 0.000000 0.221477 0.000000 -0.975165 0.820991 0.820991 0.820991
2305.694824 0.000000 618.870728 0.000000 0.440564 0.000000 -0.897721 0.833391 0.833391 0.833391
2320.785400 0.000000 593.276978 0.000000 0.922615 0.000000 0.385723 0.793594 0.793594 0.793594
2311.885986 0.000000 605.183777 0.000000 0.998094 0.000000 -0.061706 0.801924 0.801924 0.801924
2320.159912 0.000000 621.217468 0.000000 0.912929 0.000000 0.408119 0.786902 0.786902 0.786902
2330.688477 0.000000 617.664856 0.000000 0.396432 0.000000 0.918064 0.781880 0.781880 0.781880
2335.033691 0.000000 631.793152 0.000000 0.985105 0.000000 0.171954 0.798033 0.798033 0.798033
2313.394287 0.000000 586.104858 0.000000 0.915274 0.000000 -0.402832 0.803975 0.803975 0.803975
2325.293457 0.000000 576.213379 0.000000 0.764510 0.000000 -0.644612 0.810913 0.810913 0.810913
2315.091553 0.000000 613.667419 0.000000 0.808023 0.000000 0.589151 0.780371 0.780371 0.780371
2312.280029 0.000000 625.727600 0.000000 0.188251 0.000000 0.982121 0.756959 0.756959 0.756959
2303.949463 0.000000 600.737915 0.000000 0.227469 0.000000 -0.973785 0.836969 0.836969 0.836969
2304.432861 0.000000 610.025024 0.000000 0.825986 0.000000 -0.563691 0.818658 0.818658 0.818658
2327.389893 0.000000 626.274963 0.000000 0.682305 0.000000 0.731068 0.774455 0.774455 0.774455
2323.357666 0.000000 584.882996 0.000000 0.703680 0.000000 0.710517 0.787689 0.787689 0.787689
2319.924805 0.000000 602.446960 0.000000 0.971313 0.000000 -0.237804 0.807481 0.807481 0.807481
2312.520264 0.000000 596.187500 0.000000 0.989908 0.000000 -0.141714 0.805027 0.805027 0.805027
2317.146484 0.000000 632.307434 0.000000 0.056607 0.000000 -0.998397 0.847177 0.847177 0.847177
2332.491455 0.000000 591.170166 0.000000 0.397231 0.000000 0.917718 0.788161 0.788161 0.788161
2323.344238 0.000000 614.078674 0.000000 0.827812 0.000000 0.561005 0.781443 0.781443 0.781443
2332.223145 0.000000 638.832703 0.000000 0.229478 0.000000 -0.973314 0.820864 0.820864 0.820864
2319.302246 0.000000 608.808289 0.000000 0.355391 0.000000 0.934718 0.762379 0.762379 0.762379
2311.975830 0.000000 619.351868 0.000000 0.047577 0.000000 -0.998868 0.847458 0.847458 0.847458
2326.446533 0.000000 590.179077 0.000000 0.637856 0.000000 -0.770155 0.813695 0.813695 0.813695
2333.223389 0.000000 577.583008 0.000000 0.503941 0.000000 0.863738 0.785631 0.785631 0.785631
2321.800293 0.000000 628.303589 0.000000 0.999863 0.000000 -0.016535 0.800515 0.800515 0.800515
2308.971680 0.000000 613.891541 0.000000 0.481151 0.000000 0.876638 0.766699 0.766699 0.766699
2315.576660 0.000000 591.287964 0.000000 0.260675 0.000000 0.965427 0.779638 0.779638 0.779638
2320.091553 0.000000 638.000793 0.000000 0.719140 0.000000 -0.694865 0.811968 0.811968 0.811968
2329.423340 0.000000 631.651245 0.000000 0.590672 0.000000 -0.806912 0.820815 0.820815 0.820815
2325.783691 0.000000 620.482117 0.000000 0.657457 0.000000 0.753492 0.773412 0.773412 0.773412
2325.221436 0.000000 602.123474 0.000000 0.607850 0.000000 0.794052 0.776363 0.776363 0.776363
2309.080078 0.000000 600.185852 0.000000 0.943401 0.000000 0.331654 0.789467 0.789467 0.789467
2314.890625 0.000000 600.930542 0.000000 0.922480 0.000000 -0.386044 0.812349 0.812349 0.812349
2306.481445 0.000000 605.401550 0.000000 0.920444 0.000000 -0.390875 0.812512 0.812512 0.812512
2307.976318 0.000000 623.220459 0.000000 0.991310 0.000000 -0.131546 0.803636 0.803636 0.803636
2317.702637 0.000000 625.518860 0.000000 0.794548 0.000000 -0.607201 0.820331 0.820331 0.820331
2311.885498 0.000000 610.042725 0.000000 0.113573 0.000000 -0.993530 0.845395 0.845395 0.845395
2317.317139 0.000000 596.642883 0.000000 0.975958 0.000000 0.217959 0.793154 0.793154 0.793154
2306.063721 0.000000 596.437805 0.000000 0.979228 0.000000 0.202761 0.793149 0.793149 0.793149
2319.087402 0.000000 616.519287 0.000000 0.753742 0.000000 -0.657171 0.822341 0.822341 0.822341
2303.752930 0.000000 614.660583 0.000000 0.672135 0.000000 0.740429 0.774024 0.774024 0.774024
2329.972168 0.000000 622.244812 0.000000 0.996614 0.000000 0.082218 0.797435 0.797435 0.797435
2312.979736 0.000000 630.685913 0.000000 0.743731 0.000000 -0.668479 0.822812 0.822812 0.822812
2316.324951 0.000000 605.493164 0.000000 0.055136 0.000000 0.998479 0.752778 0.752778 0.752778
2323.492676 0.000000 624.197266 0.000000 0.133741 0.000000 -0.991016 0.844762 0.844762 0.844762
2315.777344 0.000000 621.513367 0.000000 0.086118 0.000000 0.996285 0.753745 0.753745 0.753745
2323.267334 0.000000 609.986450 0.000000 0.936748 0.000000 0.350004 0.788859 0.788859 0.788859
2322.667969 0.000000 605.702087 0.000000 0.087369 0.000000 -0.996176 0.846216 0.846216 0.846216
2325.489502 0.000000 630.205505 0.000000 0.955514 0.000000 -0.294945 0.809328 0.809328 0.809328
2321.095459 0.000000 633.175537 0.000000 0.997411 0.000000 -0.071917 0.802243 0.802243 0.802243
2388.677246 0.000000 634.905640 0.000000 0.465499 0.000000 0.885048 0.783072 0.783072 0.783072
2415.989258 0.000000 597.802673 0.000000 0.990997 0.000000 0.133886 0.795736 0.795736 0.795736
2390.684570 0.000000 607.291260 0.000000 0.210892 0.000000 -0.977509 0.842321 0.842321 0.842321
2396.078125 0.000000 583.524109 0.000000 0.827181 0.000000 0.561936 0.790704 0.790704 0.790704
2422.764404 0.000000 576.611633 0.000000 0.363631 0.000000 0.931543 0.762654 0.762654 0.762654
2404.916016 0.000000 621.776978 0.000000 0.980614 0.000000 -0.195947 0.803072 0.803072 0.803072
2379.092773 0.000000 576.646240 0.000000 0.915211 0.000000 0.402974 0.795527 0.795527 0.795527
2408.032715 0.000000 637.799988 0.000000 0.753864 0.000000 -0.657030 0.805584 0.805584 0.805584
2384.152100 0.000000 621.217468 0.000000 0.906007 0.000000 0.423262 0.786383 0.786383 0.786383
2410.696289 0.000000 583.806030 0.000000 0.183690 0.000000 -0.982984 0.841524 0.841524 0.841524
2401.500244 0.000000 596.771362 0.000000 0.995020 0.000000 -0.099672 0.801555 0.801555 0.801555
2426.121826 0.000000 589.384888 0.000000 0.087813 0.000000 -0.996137 0.846202 0.846202 0.846202
2405.059082 0.000000 608.989807 0.000000 0.972422 0.000000 0.233230 0.788999 0.788999 0.788999
2394.680664 0.000000 617.664856 0.000000 0.828119 0.000000 -0.560552 0.818540 0.818540 0.818540
2399.025879 0.000000 631.793152 0.000000 0.315257 0.000000 0.949006 0.753562 0.753562 0.753562
2413.354492 0.000000 628.314636 0.000000 0.993843 0.000000 -0.110802 0.803060 0.803060 0.803060
2389.285645 0.000000 576.213379 0.000000 0.781667 0.000000 0.623696 0.789509 0.789509 0.789509
2418.072998 0.000000 636.251831 0.000000 0.128844 0.000000 0.991665 0.755084 0.755084 0.755084
2392.726318 0.000000 598.191528 0.000000 0.560462 0.000000 0.828180 0.781290 0.781290 0.781290
2391.382080 0.000000 626.274963 0.000000 0.994156 0.000000 0.107950 0.796630 0.796630 0.796630
2413.600342 0.000000 619.159973 0.000000 0.972707 0.000000 0.232038 0.796633 0.796633 0.796633
2417.469971 0.000000 589.341125 0.000000 0.992914 0.000000 -0.118832 0.803711 0.803711 0.803711
2409.252686 0.000000 592.271545 0.000000 0.922183 0.000000 0.386754 0.788341 0.788341 0.788341
2413.848877 0.000000 606.145752 0.000000 0.999989 0.000000 -0.004707 0.800073 0.800073 0.800073
2383.916992 0.000000 602.446960 0.000000 0.991761 0.000000 0.128105 0.798615 0.798615 0.798615
2381.138672 0.000000 632.307434 0.000000 0.610018 0.000000 0.792388 0.785750 0.785750 0.785750
2398.644775 0.000000 604.118774 0.000000 0.827021 0.000000 -0.562171 0.827901 0.827901 0.827901
2407.638916 0.000000 601.443115 0.000000 0.290150 0.000000 -0.956981 0.819885 0.819885 0.819885
2387.336426 0.000000 614.078674 0.000000 0.610532 0.000000 -0.791992 0.828479 0.828479 0.828479
2415.261230 0.000000 577.287476 0.000000 0.994975 0.000000 0.100126 0.797296 0.797296 0.797296
2423.082764 0.000000 596.385681 0.000000 0.843375 0.000000 -0.537326 0.814615 0.814615 0.814615
2396.215332 0.000000 638.832703 0.000000 0.987010 0.000000 -0.160656 0.802127 0.802127 0.802127
2398.427002 0.000000 611.668152 0.000000 0.242069 0.000000 0.970259 0.753909 0.753909 0.753909
2427.375488 0.000000 582.236877 0.000000 0.465815 0.000000 -0.884882 0.833844 0.833844 0.833844
2398.409912 0.000000 624.526489 0.000000 0.986661 0.000000 0.162787 0.794905 0.794905 0.794905
2420.595215 0.000000 583.162598 0.000000 0.993736 0.000000 -0.111756 0.803489 0.803489 0.803489
2407.558350 0.000000 615.298523 0.000000 0.987393 0.000000 -0.158291 0.803714 0.803714 0.803714
2406.663086 0.000000 628.247864 0.000000 0.690278 0.000000 0.723544 0.775766 0.775766 0.775766
2383.294434 0.000000 608.808289 0.000000 0.156959 0.000000 -0.987605 0.844031 0.844031 0.844031
2412.926758 0.000000 612.248901 0.000000 0.911734 0.000000 -0.410782 0.806595 0.806595 0.806595
2397.215576 0.000000 577.583008 0.000000 0.113858 0.000000 -0.993497 0.822693 0.822693 0.822693
2418.886719 0.000000 630.424866 0.000000 0.985296 0.000000 0.170856 0.794650 0.794650 0.794650
2384.303955 0.000000 579.614075 0.000000 0.908847 0.000000 0.417131 0.793297 0.793297 0.793297
2385.792480 0.000000 628.303589 0.000000 0.152604 0.000000 0.988287 0.777916 0.777916 0.777916
2409.145996 0.000000 577.930603 0.000000 0.308710 0.000000 0.951156 0.780419 0.780419 0.780419
2401.378662 0.000000 616.727966 0.000000 0.968101 0.000000 -0.250562 0.807891 0.807891 0.807891
2378.072998 0.000000 637.557251 0.000000 0.535771 0.000000 0.844364 0.785543 0.785543 0.785543
2401.962158 0.000000 637.012390 0.000000 0.039564 0.000000 0.999217 0.764219 0.764219 0.764219
2429.358398 0.000000 576.665894 0.000000 0.991651 0.000000 0.128948 0.795971 0.795971 0.795971
2384.083740 0.000000 638.000793 0.000000 0.322604 0.000000 0.946534 0.780647 0.780647 0.780647
2393.415527 0.000000 631.651245 0.000000 0.882850 0.000000 0.469656 0.791798 0.791798 0.791798
2389.775879 0.000000 620.482117 0.000000 0.452713 0.000000 0.891656 0.765697 0.765697 0.765697
2410.319824 0.000000 623.694153 0.000000 0.550916 0.000000 -0.834561 0.818931 0.818931 0.818931
2405.138184 0.000000 581.603516 0.000000 0.998373 0.000000 -0.057013 0.800889 0.800889 0.800889
2423.365234 0.000000 633.609863 0.000000 0.328226 0.000000 0.944599 0.768146 0.768146 0.768146
2389.213623 0.000000 602.123474 0.000000 0.721611 0.000000 0.692299 0.776175 0.776175 0.776175
2393.118164 0.000000 612.590027 0.000000 0.278615 0.000000 -0.960403 0.840144 0.840144 0.840144
2410.918457 0.000000 597.639099 0.000000 0.930427 0.000000 -0.366476 0.811691 0.811691 0.811691
2415.564209 0.000000 584.733643 0.000000 0.278375 0.000000 0.960472 0.759848 0.759848 0.759848
2405.695068 0.000000 633.284241 0.000000 0.625692 0.000000 -0.780070 0.831631 0.831631 0.831631
2414.283936 0.000000 593.190186 0.000000 0.691967 0.000000 -0.721929 0.825131 0.825131 0.825131
2412.344727 0.000000 588.517883 0.000000 0.950621 0.000000 -0.310355 0.809832 0.809832 0.809832
2415.953857 0.000000 624.058411 0.000000 0.107893 0.000000 -0.994163 0.856090 0.856090 0.856090
2402.805908 0.000000 601.468567 0.000000 0.572056 0.000000 0.820215 0.770034 0.770034 0.770034
2383.079590 0.000000 616.519287 0.000000 0.172374 0.000000 -0.985032 0.841031 0.841031 0.841031
2421.823730 0.000000 591.640442 0.000000 0.955350 0.000000 0.295476 0.790654 0.790654 0.790654
2393.900391 0.000000 603.698730 0.000000 0.995639 0.000000 0.093286 0.797089 0.797089 0.797089
2397.281006 0.000000 599.492554 0.000000 0.101984 0.000000 0.994786 0.754242 0.754242 0.754242
2395.279785 0.000000 608.109680 0.000000 0.841941 0.000000 0.539570 0.782243 0.782243 0.782243
2429.725342 0.000000 586.127197 0.000000 0.395366 0.000000 -0.918524 0.836277 0.836277 0.836277
2393.964355 0.000000 622.244812 0.000000 0.038270 0.000000 0.999267 0.752252 0.752252 0.752252
2413.131836 0.000000 601.729553 0.000000 0.994259 0.000000 -0.106999 0.802890 0.802890 0.802890
2398.437500 0.000000 620.053406 0.000000 0.432590 0.000000 -0.901591 0.835003 0.835003 0.835003
2387.484863 0.000000 624.197266 0.000000 0.982785 0.000000 -0.184754 0.805790 0.805790 0.805790
2392.907227 0.000000 635.944153 0.000000 0.709862 0.000000 0.704340 0.777524 0.777524 0.777524
2422.407227 0.000000 587.123230 0.000000 0.644284 0.000000 -0.764786 0.827129 0.827129 0.827129
2400.797363 0.000000 608.118774 0.000000 0.382421 0.000000 -0.923988 0.855072 0.855072 0.855072
2418.765137 0.000000 594.588989 0.000000 0.366610 0.000000 -0.930375 0.837246 0.837246 0.837246
2403.724854 0.000000 613.000122 0.000000 0.814208 0.000000 0.580573 0.771051 0.771051 0.771051
2418.930664 0.000000 579.308594 0.000000 0.424463 0.000000 -0.905445 0.835283 0.835283 0.835283
2387.259521 0.000000 609.986450 0.000000 0.987520 0.000000 0.157494 0.795072 0.795072 0.795072
2386.660156 0.000000 605.702087 0.000000 0.689114 0.000000 -0.724653 0.825254 0.825254 0.825254
2409.404297 0.000000 631.419495 0.000000 0.059327 0.000000 -0.998239 0.845280 0.845280 0.845280
2404.998047 0.000000 604.899292 0.000000 0.909272 0.000000 -0.416202 0.813889 0.813889 0.813889
2390.720215 0.000000 616.398621 0.000000 0.999799 0.000000 -0.020059 0.800625 0.800625 0.800625
2413.234863 0.000000 580.785400 0.000000 0.923857 0.000000 0.382737 0.787763 0.787763 0.787763
2421.700195 0.000000 637.925598 0.000000 0.161617 0.000000 -0.986854 0.843884 0.843884 0.843884
2425.813965 0.000000 593.651001 0.000000 0.279831 0.000000 -0.960049 0.840105 0.840105 0.840105
2423.615967 0.000000 580.413696 0.000000 0.938302 0.000000 -0.345816 0.811002 0.811002 0.811002
2402.618652 0.000000 631.556274 0.000000 0.912296 0.000000 -0.409531 0.819467 0.819467 0.819467
2401.719482 0.000000 605.026428 0.000000 0.913982 0.000000 0.405755 0.780474 0.780474 0.780474
2472.024902 0.000000 573.815613 0.000000 0.616171 0.000000 0.787612 0.786415 0.786415 0.786415
2477.346680 0.000000 564.330261 0.000000 0.993645 0.000000 0.112563 0.798648 0.798648 0.798648
2482.065186 0.000000 572.267456 0.000000 0.758731 0.000000 -0.651403 0.811052 0.811052 0.811052
2431.805420 0.000000 572.946594 0.000000 0.291912 0.000000 -0.956445 0.828256 0.828256 0.828256
2482.878906 0.000000 566.440491 0.000000 0.878331 0.000000 0.478053 0.793728 0.793728 0.793728
2476.649902 0.000000 570.096741 0.000000 0.893327 0.000000 0.449408 0.792739 0.792739 0.792739
2433.205566 0.000000 591.715820 0.000000 0.729688 0.000000 -0.683780 0.804060 0.804060 0.804060
2454.676758 0.000000 607.291260 0.000000 0.995651 0.000000 -0.093161 0.801453 0.801453 0.801453
2474.688477 0.000000 583.806030 0.000000 0.795306 0.000000 -0.606209 0.820292 0.820292 0.820292
2465.492432 0.000000 596.771362 0.000000 0.006382 0.000000 -0.999980 0.824371 0.824371 0.824371
2469.051270 0.000000 608.989807 0.000000 0.208997 0.000000 0.977916 0.778809 0.778809 0.778809
2432.075928 0.000000 579.152466 0.000000 0.617193 0.000000 0.786812 0.771784 0.771784 0.771784
2458.672852 0.000000 617.664856 0.000000 0.676063 0.000000 -0.736844 0.812905 0.812905 0.812905
2456.718506 0.000000 598.191528 0.000000 0.811520 0.000000 -0.584324 0.809722 0.809722 0.809722
2473.244873 0.000000 592.271545 0.000000 0.435215 0.000000 -0.900326 0.834912 0.834912 0.834912
2471.631104 0.000000 601.443115 0.000000 0.974520 0.000000 -0.224300 0.804744 0.804744 0.804744
2460.475830 0.000000 591.170166 0.000000 0.396719 0.000000 -0.917940 0.811845 0.811845 0.811845
2479.253418 0.000000 577.287476 0.000000 0.602854 0.000000 -0.797851 0.814390 0.814390 0.814390
2471.550537 0.000000 615.298523 0.000000 0.302705 0.000000 0.953084 0.780320 0.780320 0.780320
2434.020752 0.000000 585.321228 0.000000 0.442219 0.000000 0.896907 0.769331 0.769331 0.769331
2454.430908 0.000000 590.179077 0.000000 0.449139 0.000000 -0.893462 0.817214 0.817214 0.817214
2473.138184 0.000000 577.930603 0.000000 0.203283 0.000000 0.979120 0.778718 0.778718 0.778718
2474.910645 0.000000 597.639099 0.000000 0.062825 0.000000 0.998025 0.772895 0.772895 0.772895
2467.992188 0.000000 592.409424 0.000000 0.395553 0.000000 -0.918443 0.832086 0.832086 0.832086
2476.336914 0.000000 588.517883 0.000000 0.913903 0.000000 -0.405933 0.808515 0.808515 0.808515
2470.189697 0.000000 596.532898 0.000000 0.413856 0.000000 0.910342 0.764353 0.764353 0.764353
2471.938232 0.000000 587.894348 0.000000 0.064162 0.000000 -0.997940 0.846941 0.846941 0.846941
2332.085938 0.000000 647.508484 0.000000 0.388481 0.000000 0.921457 0.781745 0.781745 0.781745
2325.293457 0.000000 640.197754 0.000000 0.206806 0.000000 0.978382 0.780407 0.780407 0.780407
2339.241699 0.000000 650.988647 0.000000 0.883580 0.000000 0.468280 0.792408 0.792408 0.792408
2333.223389 0.000000 641.567383 0.000000 0.906343 0.000000 -0.422543 0.805751 0.805751 0.805751
2422.764404 0.000000 640.596008 0.000000 0.758059 0.000000 0.652186 0.784249 0.784249 0.784249
2379.092773 0.000000 640.630615 0.000000 0.965513 0.000000 -0.260357 0.804103 0.804103 0.804103
2426.121826 0.000000 653.369263 0.000000 0.602271 0.000000 0.798291 0.796123 0.796123 0.796123
2417.469971 0.000000 653.325500 0.000000 0.702280 0.000000 0.711901 0.775792 0.775792 0.775792
2415.261230 0.000000 641.271851 0.000000 0.967347 0.000000 -0.253456 0.802457 0.802457 0.802457
2427.375488 0.000000 646.221252 0.000000 0.216171 0.000000 -0.976355 0.821076 0.821076 0.821076
2420.595215 0.000000 647.146973 0.000000 0.339980 0.000000 -0.940433 0.825666 0.825666 0.825666
2384.303955 0.000000 643.598450 0.000000 0.706191 0.000000 -0.708021 0.811313 0.811313 0.811313
2412.344727 0.000000 652.502258 0.000000 0.810150 0.000000 -0.586222 0.815013 0.815013 0.815013
4478.317871 0.000000 2252.843994 0.000000 0.992943 0.000000 0.118592 0.792878 0.792878 0.792878
4494.192871 0.000000 2250.618164 0.000000 0.907816 0.000000 0.419370 0.775886 0.775886 0.775886
4497.828125 0.000000 2252.761230 0.000000 0.443583 0.000000 -0.896233 0.865914 0.865914 0.865914
4479.574219 0.000000 2251.940674 0.000000 0.889983 0.000000 -0.455994 0.822696 0.822696 0.822696
"}
