object={
	name="tree_palm_generator_1_0"
	render_pass=Map
	clamp_to_water_level=no
	generated_content=yes
	layer="tree_high_layer"
	pdxmesh="tree_palm_01_a_mesh"
	count=768
	transform="1576.134155 0.000000 1597.565674 0.000000 0.986717 0.000000 0.162446 0.696122 0.696122 0.696122
1594.223267 0.000000 1549.150513 0.000000 0.778853 0.000000 0.627206 0.688626 0.688626 0.688626
1577.354126 0.000000 1552.037109 0.000000 0.999789 0.000000 -0.020566 0.700316 0.700316 0.700316
1580.446167 0.000000 1548.283569 0.000000 0.724263 0.000000 0.689524 0.678726 0.678726 0.678726
1589.925171 0.000000 1551.406006 0.000000 0.371694 0.000000 0.928355 0.676709 0.676709 0.676709
1597.826904 0.000000 1545.892822 0.000000 0.689911 0.000000 -0.723894 0.723764 0.723764 0.723764
1576.047363 0.000000 1547.660034 0.000000 0.991092 0.000000 -0.133176 0.704108 0.704108 0.704108
1590.508545 0.000000 1546.888794 0.000000 0.266957 0.000000 -0.963709 0.745457 0.745457 0.745457
1598.998535 0.000000 1542.527954 0.000000 0.743104 0.000000 -0.669176 0.719473 0.719473 0.719473
1588.417358 0.000000 1548.904419 0.000000 0.962408 0.000000 0.271607 0.691155 0.691155 0.691155
1601.306885 0.000000 1551.481445 0.000000 0.215444 0.000000 -0.976516 0.705677 0.705677 0.705677
1602.122314 0.000000 1545.086792 0.000000 0.038089 0.000000 0.999274 0.672143 0.672143 0.672143
1599.925537 0.000000 1548.112549 0.000000 0.867938 0.000000 -0.496673 0.712353 0.712353 0.712353
1599.829346 0.000000 1542.308838 0.000000 0.966256 0.000000 -0.257582 0.706920 0.706920 0.706920
1578.797729 0.000000 1607.556030 0.000000 0.993443 0.000000 -0.114330 0.704966 0.704966 0.704966
1573.160522 0.000000 1632.739746 0.000000 0.968212 0.000000 -0.250132 0.707776 0.707776 0.707776
1571.308350 0.000000 1600.171875 0.000000 0.276804 0.000000 -0.960926 0.705412 0.705412 0.705412
1577.354126 0.000000 1616.021484 0.000000 0.770538 0.000000 0.637394 0.697101 0.697101 0.697101
1575.659790 0.000000 1639.048462 0.000000 0.999597 0.000000 0.028391 0.699603 0.699603 0.699603
1577.247437 0.000000 1601.680542 0.000000 0.986929 0.000000 0.161158 0.694343 0.694343 0.694343
1580.446167 0.000000 1612.267944 0.000000 0.998152 0.000000 -0.060773 0.701275 0.701275 0.701275
1576.047363 0.000000 1611.644409 0.000000 0.668066 0.000000 0.744102 0.641338 0.641338 0.641338
1577.226440 0.000000 1634.042358 0.000000 0.694449 0.000000 -0.719542 0.728071 0.728071 0.728071
1574.686646 0.000000 1608.469604 0.000000 0.953322 0.000000 -0.301956 0.717583 0.717583 0.717583
1575.243042 0.000000 1636.166260 0.000000 0.998881 0.000000 -0.047286 0.701587 0.701587 0.701587
1580.948242 0.000000 1609.470947 0.000000 0.750990 0.000000 0.660313 0.673783 0.673783 0.673783
1575.242676 0.000000 1599.663208 0.000000 0.725130 0.000000 -0.688612 0.726548 0.726548 0.726548
1578.406860 0.000000 1610.268188 0.000000 0.499599 0.000000 0.866257 0.626765 0.626765 0.626765
1578.075317 0.000000 1613.328979 0.000000 0.948116 0.000000 0.317924 0.684621 0.684621 0.684621
1576.386597 0.000000 1609.581421 0.000000 0.197565 0.000000 0.980290 0.606016 0.606016 0.606016
1714.158813 0.000000 1596.017456 0.000000 0.705819 0.000000 -0.708393 0.715408 0.715408 0.715408
1714.972656 0.000000 1590.190552 0.000000 0.963641 0.000000 0.267200 0.692437 0.692437 0.692437
1719.451172 0.000000 1593.375488 0.000000 0.717544 0.000000 -0.696513 0.722622 0.722622 0.722622
1717.786011 0.000000 1597.691162 0.000000 0.356886 0.000000 -0.934148 0.725288 0.725288 0.725288
1716.164307 0.000000 1593.440796 0.000000 0.726452 0.000000 0.687218 0.673519 0.673519 0.673519
1738.150879 0.000000 1597.322876 0.000000 0.878000 0.000000 0.478661 0.693720 0.693720 0.693720
1733.366821 0.000000 1599.562622 0.000000 0.981695 0.000000 0.190461 0.695713 0.695713 0.695713
1739.170776 0.000000 1600.396240 0.000000 0.291181 0.000000 -0.956668 0.741009 0.741009 0.741009
1734.577515 0.000000 1604.296875 0.000000 0.269140 0.000000 -0.963101 0.714521 0.714521 0.714521
1735.873047 0.000000 1600.947266 0.000000 0.728003 0.000000 0.685574 0.673598 0.673598 0.673598
1737.450928 0.000000 1603.589966 0.000000 0.475997 0.000000 0.879447 0.665442 0.665442 0.665442
1701.144897 0.000000 1696.724121 0.000000 0.916829 0.000000 -0.399281 0.702871 0.702871 0.702871
1724.348022 0.000000 1724.314453 0.000000 0.985473 0.000000 0.169833 0.699523 0.699523 0.699523
1709.934692 0.000000 1693.880127 0.000000 0.664063 0.000000 -0.747676 0.703542 0.703542 0.703542
1717.316406 0.000000 1693.816650 0.000000 0.645843 0.000000 0.763471 0.669639 0.669639 0.669639
1709.012695 0.000000 1699.983276 0.000000 0.151677 0.000000 -0.988430 0.735698 0.735698 0.735698
1716.248535 0.000000 1688.696289 0.000000 0.887219 0.000000 -0.461349 0.704022 0.704022 0.704022
1727.155762 0.000000 1719.663574 0.000000 0.487316 0.000000 0.873226 0.689609 0.689609 0.689609
1704.955688 0.000000 1693.748413 0.000000 0.959397 0.000000 0.282058 0.696802 0.696802 0.696802
1705.210815 0.000000 1698.026733 0.000000 0.279704 0.000000 0.960086 0.655006 0.655006 0.655006
1716.713257 0.000000 1697.406738 0.000000 0.212510 0.000000 0.977159 0.669653 0.669653 0.669653
1708.161621 0.000000 1696.666138 0.000000 0.865495 0.000000 0.500917 0.686063 0.686063 0.686063
1727.891113 0.000000 1724.665405 0.000000 0.844699 0.000000 0.535242 0.693683 0.693683 0.693683
1729.089111 0.000000 1720.139771 0.000000 0.550105 0.000000 0.835096 0.676511 0.676511 0.676511
1728.161621 0.000000 1730.871216 0.000000 0.712282 0.000000 -0.701894 0.716317 0.716317 0.716317
1734.577515 0.000000 1732.265625 0.000000 0.866633 0.000000 -0.498946 0.713146 0.713146 0.713146
1731.958008 0.000000 1728.831787 0.000000 0.036940 0.000000 -0.999317 0.727877 0.727877 0.727877
1731.069946 0.000000 1733.449585 0.000000 0.873476 0.000000 0.486868 0.690047 0.690047 0.690047
1797.342896 0.000000 1594.181030 0.000000 0.948777 0.000000 0.315946 0.698202 0.698202 0.698202
1818.750977 0.000000 1577.430542 0.000000 0.268614 0.000000 0.963248 0.674578 0.674578 0.674578
1805.208984 0.000000 1592.072998 0.000000 0.899144 0.000000 0.437653 0.693667 0.693667 0.693667
1825.448730 0.000000 1576.493530 0.000000 0.990119 0.000000 0.140232 0.698623 0.698623 0.698623
1818.034424 0.000000 1582.010376 0.000000 0.929225 0.000000 0.369514 0.694179 0.694179 0.694179
1801.042236 0.000000 1590.451538 0.000000 0.646073 0.000000 -0.763275 0.730351 0.730351 0.730351
1822.507690 0.000000 1579.819092 0.000000 0.992378 0.000000 0.123231 0.695682 0.695682 0.695682
1800.687134 0.000000 1594.271729 0.000000 0.525819 0.000000 0.850596 0.674404 0.674404 0.674404
1798.307251 0.000000 1591.505249 0.000000 0.929337 0.000000 0.369233 0.686782 0.686782 0.686782
1897.315063 0.000000 1552.037109 0.000000 0.245512 0.000000 0.969394 0.657466 0.657466 0.657466
1871.979370 0.000000 1562.212646 0.000000 0.845423 0.000000 0.534098 0.680307 0.680307 0.680307
1908.657715 0.000000 1542.928223 0.000000 0.978534 0.000000 -0.206087 0.706675 0.706675 0.706675
1871.356689 0.000000 1568.573853 0.000000 0.591196 0.000000 -0.806528 0.711806 0.711806 0.711806
1896.008301 0.000000 1547.660034 0.000000 0.986700 0.000000 -0.162554 0.703196 0.703196 0.703196
1868.379517 0.000000 1565.258789 0.000000 0.785765 0.000000 -0.618525 0.718646 0.718646 0.718646
1906.992920 0.000000 1539.074219 0.000000 0.286145 0.000000 0.958186 0.664193 0.664193 0.664193
1874.722656 0.000000 1565.467773 0.000000 0.322288 0.000000 -0.946642 0.729534 0.729534 0.729534
1906.782227 0.000000 1545.796997 0.000000 0.540007 0.000000 -0.841660 0.722377 0.722377 0.722377
1904.830322 0.000000 1541.376953 0.000000 0.305945 0.000000 -0.952049 0.744034 0.744034 0.744034
1871.744751 0.000000 1565.754639 0.000000 0.010246 0.000000 -0.999947 0.754544 0.754544 0.754544
1920.138184 0.000000 1538.918091 0.000000 0.015900 0.000000 0.999874 0.678262 0.678262 0.678262
1926.554077 0.000000 1540.312500 0.000000 0.733287 0.000000 -0.679919 0.725086 0.725086 0.725086
1923.934570 0.000000 1536.878662 0.000000 0.317364 0.000000 0.948304 0.675576 0.675576 0.675576
1923.046509 0.000000 1541.496460 0.000000 0.122214 0.000000 0.992504 0.649380 0.649380 0.649380
1925.653442 0.000000 1543.520386 0.000000 0.958750 0.000000 0.284252 0.692344 0.692344 0.692344
1989.335571 0.000000 1663.546997 0.000000 0.784383 0.000000 -0.620277 0.714032 0.714032 0.714032
1815.452148 0.000000 1714.009277 0.000000 0.593155 0.000000 0.805088 0.667291 0.667291 0.667291
1817.485840 0.000000 1719.385620 0.000000 0.722158 0.000000 0.691728 0.690388 0.690388 0.690388
1813.552002 0.000000 1717.939819 0.000000 0.189862 0.000000 -0.981811 0.738580 0.738580 0.738580
1812.569946 0.000000 1714.761841 0.000000 0.966155 0.000000 -0.257964 0.708025 0.708025 0.708025
1817.449341 0.000000 1716.285034 0.000000 0.840558 0.000000 0.541722 0.679991 0.679991 0.679991
1820.148315 0.000000 1735.242798 0.000000 0.442382 0.000000 0.896827 0.661115 0.661115 0.661115
1825.570557 0.000000 1748.490112 0.000000 0.751377 0.000000 0.659873 0.692947 0.692947 0.692947
1818.750977 0.000000 1769.383667 0.000000 0.786828 0.000000 0.617173 0.676752 0.676752 0.676752
1816.796631 0.000000 1749.910278 0.000000 0.133643 0.000000 0.991030 0.689957 0.689957 0.689957
1811.420166 0.000000 1736.601685 0.000000 0.896753 0.000000 0.442531 0.693591 0.693591 0.693591
1820.553833 0.000000 1742.888916 0.000000 0.913168 0.000000 -0.407583 0.707630 0.707630 0.707630
1814.508911 0.000000 1741.897827 0.000000 0.999942 0.000000 0.010803 0.699849 0.699849 0.699849
1825.448730 0.000000 1768.446655 0.000000 0.798031 0.000000 0.602617 0.695479 0.695479 0.695479
1815.262817 0.000000 1732.881104 0.000000 0.020208 0.000000 0.999796 0.660979 0.660979 0.660979
1821.351318 0.000000 1751.211304 0.000000 0.204119 0.000000 -0.978946 0.719087 0.719087 0.719087
1816.070557 0.000000 1737.501709 0.000000 0.992253 0.000000 -0.124234 0.708010 0.708010 0.708010
1818.034424 0.000000 1773.963501 0.000000 0.999563 0.000000 -0.029571 0.700868 0.700868 0.700868
1822.507690 0.000000 1771.772217 0.000000 0.706560 0.000000 0.707654 0.676918 0.676918 0.676918
1821.407104 0.000000 1746.992310 0.000000 0.972619 0.000000 -0.232404 0.708198 0.708198 0.708198
1821.876953 0.000000 1767.150635 0.000000 0.150233 0.000000 0.988651 0.674192 0.674192 0.674192
1819.109985 0.000000 1739.470703 0.000000 0.941841 0.000000 -0.336059 0.709104 0.709104 0.709104
1818.807373 0.000000 1732.125244 0.000000 0.973386 0.000000 -0.229171 0.708728 0.708728 0.708728
1813.158813 0.000000 1739.203735 0.000000 0.219053 0.000000 0.975713 0.660366 0.660366 0.660366
1821.925659 0.000000 1732.232056 0.000000 0.876129 0.000000 -0.482076 0.717582 0.717582 0.717582
1817.376831 0.000000 1734.892212 0.000000 0.280158 0.000000 0.959954 0.615443 0.615443 0.615443
1814.109619 0.000000 1735.501831 0.000000 0.867088 0.000000 -0.498156 0.725517 0.725517 0.725517
1818.344482 0.000000 1737.189209 0.000000 0.976775 0.000000 -0.214270 0.711472 0.711472 0.711472
1995.139526 0.000000 1664.380615 0.000000 0.470619 0.000000 0.882336 0.696978 0.696978 0.696978
1984.130371 0.000000 1666.886841 0.000000 0.271737 0.000000 0.962372 0.694566 0.694566 0.694566
1993.433105 0.000000 1673.839233 0.000000 0.721473 0.000000 -0.692443 0.713901 0.713901 0.713901
1990.546265 0.000000 1668.281250 0.000000 0.176774 0.000000 0.984251 0.664943 0.664943 0.664943
1995.615723 0.000000 1679.022339 0.000000 0.844204 0.000000 -0.536022 0.708700 0.708700 0.708700
1995.861206 0.000000 1669.200073 0.000000 0.695389 0.000000 0.718633 0.682064 0.682064 0.682064
1987.926758 0.000000 1664.847412 0.000000 0.505797 0.000000 0.862652 0.673816 0.673816 0.673816
1991.841797 0.000000 1664.931641 0.000000 0.997168 0.000000 0.075201 0.698316 0.698316 0.698316
1992.978638 0.000000 1670.493652 0.000000 0.953132 0.000000 -0.302555 0.707735 0.707735 0.707735
1857.749390 0.000000 1898.558228 0.000000 0.994916 0.000000 0.100712 0.699859 0.699859 0.699859
1872.214355 0.000000 1900.904907 0.000000 0.525807 0.000000 0.850604 0.674404 0.674404 0.674404
1882.743164 0.000000 1897.352417 0.000000 0.607670 0.000000 -0.794189 0.732074 0.732074 0.732074
1864.334717 0.000000 1905.415039 0.000000 0.996470 0.000000 0.083955 0.699295 0.699295 0.699295
1856.274414 0.000000 1906.663452 0.000000 0.051745 0.000000 -0.998660 0.708495 0.708495 0.708495
1881.180664 0.000000 1892.277588 0.000000 0.875080 0.000000 -0.483979 0.709888 0.709888 0.709888
1860.031006 0.000000 1902.907959 0.000000 0.975648 0.000000 -0.219342 0.707729 0.707729 0.707729
1871.142090 0.000000 1896.206787 0.000000 0.550042 0.000000 0.835137 0.665454 0.665454 0.665454
1885.869141 0.000000 1895.119385 0.000000 0.863109 0.000000 0.505019 0.681496 0.681496 0.681496
1863.356445 0.000000 1902.195312 0.000000 0.052326 0.000000 0.998630 0.651174 0.651174 0.651174
1861.182373 0.000000 1905.840210 0.000000 0.710556 0.000000 0.703641 0.672720 0.672720 0.672720
1869.801270 0.000000 1898.928223 0.000000 0.712264 0.000000 0.701911 0.672805 0.672805 0.672805
1884.067383 0.000000 1892.878174 0.000000 0.891652 0.000000 -0.452722 0.715764 0.715764 0.715764
1860.458008 0.000000 1900.067871 0.000000 0.201194 0.000000 -0.979551 0.747822 0.747822 0.747822
2028.298828 0.000000 1854.327881 0.000000 0.021536 0.000000 -0.999768 0.751983 0.751983 0.751983
1970.127563 0.000000 1915.939331 0.000000 0.943408 0.000000 0.331634 0.696219 0.696219 0.696219
1964.306641 0.000000 1918.312256 0.000000 0.620970 0.000000 0.783835 0.672293 0.672293 0.672293
1970.618774 0.000000 1919.521973 0.000000 0.120402 0.000000 -0.992725 0.738519 0.738519 0.738519
1967.473877 0.000000 1917.748047 0.000000 0.071436 0.000000 -0.997445 0.752403 0.752403 0.752403
1967.645508 0.000000 1914.172241 0.000000 0.762281 0.000000 0.647247 0.678348 0.678348 0.678348
2038.811035 0.000000 1856.299072 0.000000 0.985534 0.000000 0.169476 0.699286 0.699286 0.699286
2042.168579 0.000000 1869.072388 0.000000 0.269693 0.000000 0.962946 0.694557 0.694557 0.694557
2031.307861 0.000000 1856.974976 0.000000 0.689978 0.000000 0.723830 0.671712 0.671712 0.671712
2036.642090 0.000000 1862.850098 0.000000 0.899771 0.000000 0.436361 0.684218 0.684218 0.684218
2045.772217 0.000000 1865.814697 0.000000 0.690059 0.000000 0.723754 0.677373 0.677373 0.677373
2034.977295 0.000000 1858.996094 0.000000 0.965292 0.000000 0.261172 0.690764 0.690764 0.690764
2039.662842 0.000000 1860.101196 0.000000 0.999349 0.000000 -0.036081 0.701110 0.701110 0.701110
2046.943848 0.000000 1862.449829 0.000000 0.739983 0.000000 -0.672626 0.714440 0.714440 0.714440
2034.766602 0.000000 1865.718872 0.000000 0.996849 0.000000 -0.079318 0.701665 0.701665 0.701665
2028.073730 0.000000 1855.699829 0.000000 0.962130 0.000000 -0.272592 0.709264 0.709264 0.709264
2032.814697 0.000000 1861.298828 0.000000 0.136877 0.000000 -0.990588 0.750103 0.750103 0.750103
2046.614624 0.000000 1868.937622 0.000000 0.097008 0.000000 0.995284 0.656735 0.656735 0.656735
1974.818848 0.000000 1920.283447 0.000000 0.567605 0.000000 -0.823301 0.733805 0.733805 0.733805
1967.315674 0.000000 1920.959351 0.000000 0.408778 0.000000 0.912634 0.677497 0.677497 0.677497
1979.430054 0.000000 1925.908813 0.000000 0.063459 0.000000 0.997984 0.678927 0.678927 0.678927
1982.951660 0.000000 1926.434204 0.000000 0.398002 0.000000 -0.917385 0.740595 0.740595 0.740595
1964.081543 0.000000 1919.684204 0.000000 0.868635 0.000000 0.495452 0.684057 0.684057 0.684057
1971.706421 0.000000 1919.968018 0.000000 0.987942 0.000000 -0.154828 0.704129 0.704129 0.704129
1981.644775 0.000000 1923.688354 0.000000 0.571272 0.000000 -0.820761 0.728265 0.728265 0.728265
1984.130371 0.000000 1922.824341 0.000000 0.097863 0.000000 0.995200 0.650583 0.650583 0.650583
1987.038696 0.000000 1925.402710 0.000000 0.720859 0.000000 -0.693082 0.714988 0.714988 0.714988
1983.782471 0.000000 1926.215088 0.000000 0.428381 0.000000 -0.903598 0.739429 0.739429 0.739429
2064.816406 0.000000 1233.120728 0.000000 0.830852 0.000000 0.556493 0.692574 0.692574 0.692574
2072.765381 0.000000 1238.035278 0.000000 0.457254 0.000000 0.889336 0.684679 0.684679 0.684679
2078.683838 0.000000 1243.962524 0.000000 0.444371 0.000000 0.895843 0.695343 0.695343 0.695343
2087.677979 0.000000 1241.286865 0.000000 0.971448 0.000000 -0.237254 0.708372 0.708372 0.708372
2070.477539 0.000000 1230.022827 0.000000 0.614751 0.000000 -0.788721 0.719057 0.719057 0.719057
2092.965820 0.000000 1252.092651 0.000000 0.601625 0.000000 -0.798778 0.731046 0.731046 0.731046
2059.607910 0.000000 1231.131714 0.000000 0.309255 0.000000 -0.950979 0.743913 0.743913 0.743913
2082.844971 0.000000 1241.312378 0.000000 0.982289 0.000000 -0.187373 0.706588 0.706588 0.706588
2073.035400 0.000000 1233.655518 0.000000 0.996145 0.000000 0.087727 0.696930 0.696930 0.696930
2089.163818 0.000000 1250.136108 0.000000 0.276310 0.000000 0.961069 0.654883 0.654883 0.654883
2085.036865 0.000000 1244.743042 0.000000 0.520524 0.000000 -0.853847 0.730044 0.730044 0.730044
2068.530273 0.000000 1233.546631 0.000000 0.622621 0.000000 -0.782524 0.731411 0.731411 0.731411
2062.905762 0.000000 1230.332520 0.000000 0.052749 0.000000 0.998608 0.646943 0.646943 0.646943
2092.114746 0.000000 1248.775513 0.000000 0.725812 0.000000 -0.687893 0.726514 0.726514 0.726514
2070.738037 0.000000 1235.740723 0.000000 0.203492 0.000000 0.979077 0.652260 0.652260 0.652260
2061.668213 0.000000 1233.287842 0.000000 0.461879 0.000000 -0.886943 0.738121 0.738121 0.738121
2085.370361 0.000000 1239.301392 0.000000 0.528941 0.000000 0.848658 0.671663 0.671663 0.671663
2090.167480 0.000000 1253.036987 0.000000 0.886831 0.000000 0.462093 0.683882 0.683882 0.683882
2120.303467 0.000000 1265.571289 0.000000 0.158154 0.000000 -0.987414 0.715792 0.715792 0.715792
2119.999268 0.000000 1259.195557 0.000000 0.142541 0.000000 -0.989789 0.749903 0.749903 0.749903
2123.800781 0.000000 1261.357178 0.000000 0.853889 0.000000 -0.520456 0.716071 0.716071 0.716071
2119.325195 0.000000 1262.351562 0.000000 0.998824 0.000000 -0.048490 0.701492 0.701492 0.701492
2085.098145 0.000000 1376.802246 0.000000 0.750795 0.000000 0.660535 0.686886 0.686886 0.686886
2098.111816 0.000000 1404.064331 0.000000 0.466573 0.000000 0.884483 0.662064 0.662064 0.662064
2087.597168 0.000000 1383.110962 0.000000 0.285133 0.000000 0.958488 0.664163 0.664163 0.664163
2089.163818 0.000000 1378.104858 0.000000 0.960356 0.000000 0.278778 0.690125 0.690125 0.690125
2101.739014 0.000000 1405.738037 0.000000 0.037510 0.000000 0.999296 0.646409 0.646409 0.646409
2098.603027 0.000000 1407.646973 0.000000 0.977711 0.000000 -0.209953 0.707393 0.707393 0.707393
2087.180420 0.000000 1380.228760 0.000000 0.989417 0.000000 -0.145100 0.705089 0.705089 0.705089
2177.236816 0.000000 1295.543945 0.000000 0.954616 0.000000 0.297839 0.691544 0.691544 0.691544
2227.431396 0.000000 1316.521851 0.000000 0.373456 0.000000 -0.927648 0.726576 0.726576 0.726576
2192.801025 0.000000 1297.105103 0.000000 0.882108 0.000000 0.471047 0.698629 0.698629 0.698629
2236.192139 0.000000 1323.496948 0.000000 0.735837 0.000000 0.677159 0.695840 0.695840 0.695840
2200.749756 0.000000 1302.019653 0.000000 0.999995 0.000000 0.003262 0.699941 0.699941 0.699941
2221.623779 0.000000 1322.988037 0.000000 0.755064 0.000000 0.655651 0.694002 0.694002 0.694002
2178.052002 0.000000 1289.149292 0.000000 0.405070 0.000000 0.914286 0.690322 0.690322 0.690322
2220.950195 0.000000 1316.077026 0.000000 0.154389 0.000000 -0.988010 0.715835 0.715835 0.715835
2197.237061 0.000000 1305.951660 0.000000 0.679762 0.000000 -0.733433 0.719569 0.719569 0.719569
2182.559082 0.000000 1294.591064 0.000000 0.825203 0.000000 -0.564837 0.709231 0.709231 0.709231
2195.610352 0.000000 1301.166382 0.000000 0.783510 0.000000 0.621379 0.682189 0.682189 0.682189
2227.605225 0.000000 1321.393921 0.000000 0.995156 0.000000 0.098308 0.697522 0.697522 0.697522
2223.908691 0.000000 1319.136230 0.000000 0.413887 0.000000 -0.910328 0.728791 0.728791 0.728791
2179.079834 0.000000 1292.750244 0.000000 0.267415 0.000000 0.963581 0.661830 0.661830 0.661830
2197.979736 0.000000 1302.889282 0.000000 0.635615 0.000000 -0.772006 0.729594 0.729594 0.729594
2179.968018 0.000000 1295.581421 0.000000 0.699678 0.000000 0.714459 0.672184 0.672184 0.672184
2241.702637 0.000000 1322.698853 0.000000 0.803708 0.000000 -0.595024 0.716038 0.716038 0.716038
2280.048340 0.000000 1341.628174 0.000000 0.105848 0.000000 0.994382 0.659044 0.659044 0.659044
2290.088623 0.000000 1340.079956 0.000000 0.960256 0.000000 -0.279120 0.704746 0.704746 0.704746
2247.983643 0.000000 1323.179932 0.000000 0.646315 0.000000 -0.763070 0.713350 0.713350 0.713350
2284.673340 0.000000 1337.909180 0.000000 0.573409 0.000000 0.819270 0.669126 0.669126 0.669126
2273.977783 0.000000 1340.840576 0.000000 0.000598 0.000000 -1.000000 0.726343 0.726343 0.726343
2277.710693 0.000000 1337.112305 0.000000 0.933348 0.000000 0.358972 0.693327 0.693327 0.693327
2243.984131 0.000000 1327.048584 0.000000 0.570266 0.000000 -0.821460 0.725606 0.725606 0.725606
2293.715820 0.000000 1341.753662 0.000000 0.888406 0.000000 -0.459059 0.709335 0.709335 0.709335
2287.358398 0.000000 1335.223877 0.000000 0.306913 0.000000 -0.951738 0.722879 0.722879 0.722879
2290.579834 0.000000 1343.662598 0.000000 0.973303 0.000000 0.229526 0.694496 0.694496 0.694496
2280.968750 0.000000 1338.619873 0.000000 0.888056 0.000000 0.459736 0.685307 0.685307 0.685307
2277.060547 0.000000 1341.117188 0.000000 0.994349 0.000000 -0.106159 0.703717 0.703717 0.703717
2294.780029 0.000000 1344.424072 0.000000 0.398860 0.000000 0.917012 0.667550 0.667550 0.667550
2275.222656 0.000000 1344.234375 0.000000 0.278818 0.000000 0.960344 0.683791 0.683791 0.683791
2287.276855 0.000000 1345.099976 0.000000 0.401992 0.000000 -0.915643 0.706471 0.706471 0.706471
2290.946289 0.000000 1347.121094 0.000000 0.118835 0.000000 0.992914 0.671586 0.671586 0.671586
2291.667480 0.000000 1344.108643 0.000000 0.869008 0.000000 -0.494798 0.713026 0.713026 0.713026
2102.803223 0.000000 1408.408447 0.000000 0.230440 0.000000 0.973087 0.685032 0.685032 0.685032
2095.300049 0.000000 1409.084351 0.000000 0.556657 0.000000 -0.830743 0.708224 0.708224 0.708224
2098.969482 0.000000 1411.105469 0.000000 0.999787 0.000000 -0.020654 0.700347 0.700347 0.700347
2099.690674 0.000000 1408.093018 0.000000 0.558311 0.000000 -0.829632 0.734198 0.734198 0.734198
2296.366943 0.000000 1460.010376 0.000000 0.089820 0.000000 0.995958 0.668945 0.668945 0.668945
2277.074707 0.000000 1440.786621 0.000000 0.869133 0.000000 0.494578 0.696384 0.696384 0.696384
2266.696289 0.000000 1449.461792 0.000000 0.872835 0.000000 0.488015 0.685032 0.685032 0.685032
2300.277832 0.000000 1468.376953 0.000000 0.071248 0.000000 0.997459 0.687422 0.687422 0.687422
2270.442627 0.000000 1443.464966 0.000000 0.987796 0.000000 -0.155756 0.705685 0.705685 0.705685
2279.573975 0.000000 1447.095337 0.000000 0.999935 0.000000 0.011424 0.699601 0.699601 0.699601
2273.394287 0.000000 1448.524780 0.000000 0.436592 0.000000 0.899660 0.679662 0.679662 0.679662
2301.894043 0.000000 1458.742432 0.000000 0.125360 0.000000 0.992111 0.681817 0.681817 0.681817
2265.133789 0.000000 1444.386963 0.000000 0.569874 0.000000 0.821732 0.632582 0.632582 0.632582
2303.085449 0.000000 1463.726074 0.000000 0.800400 0.000000 -0.599467 0.722468 0.722468 0.722468
2275.740479 0.000000 1444.796997 0.000000 0.490489 0.000000 0.871447 0.663016 0.663016 0.663016
2298.911133 0.000000 1463.217529 0.000000 0.755595 0.000000 -0.655039 0.724964 0.724964 0.724964
2269.822266 0.000000 1447.228760 0.000000 0.999391 0.000000 -0.034888 0.701756 0.701756 0.701756
2277.009033 0.000000 1449.935547 0.000000 0.604638 0.000000 -0.796500 0.728343 0.728343 0.728343
2272.671631 0.000000 1445.573975 0.000000 0.242540 0.000000 -0.970141 0.746339 0.746339 0.746339
2279.157227 0.000000 1444.213135 0.000000 0.667909 0.000000 0.744243 0.670662 0.670662 0.670662
2268.020752 0.000000 1444.987549 0.000000 0.065085 0.000000 0.997880 0.615799 0.615799 0.615799
2273.774414 0.000000 1442.674927 0.000000 0.864602 0.000000 0.502457 0.682336 0.682336 0.682336
2265.252686 0.000000 1447.137451 0.000000 0.599898 0.000000 0.800076 0.635170 0.635170 0.635170
2300.949707 0.000000 1465.445435 0.000000 0.568375 0.000000 -0.822769 0.733773 0.733773 0.733773
2300.605225 0.000000 1461.118286 0.000000 0.631692 0.000000 -0.775220 0.731004 0.731004 0.731004
2276.188477 0.000000 1447.402588 0.000000 0.644251 0.000000 -0.764814 0.730434 0.730434 0.730434
2268.036621 0.000000 1442.372192 0.000000 0.359878 0.000000 -0.932999 0.760530 0.760530 0.760530
2263.114990 0.000000 1445.950562 0.000000 0.402386 0.000000 -0.915470 0.761450 0.761450 0.761450
2267.491943 0.000000 1447.118408 0.000000 0.665931 0.000000 0.746014 0.641137 0.641137 0.641137
2266.043457 0.000000 1442.632935 0.000000 0.702667 0.000000 0.711519 0.644660 0.644660 0.644660
2280.048340 0.000000 1533.581299 0.000000 0.702053 0.000000 0.712125 0.672300 0.672300 0.672300
2256.167725 0.000000 1516.998657 0.000000 0.240871 0.000000 -0.970557 0.727840 0.727840 0.727840
2257.808105 0.000000 1524.084839 0.000000 0.819056 0.000000 0.573713 0.687186 0.687186 0.687186
2253.710449 0.000000 1521.300171 0.000000 0.356960 0.000000 0.934120 0.667970 0.667970 0.667970
2259.500488 0.000000 1519.978516 0.000000 0.390704 0.000000 -0.920516 0.734333 0.734333 0.734333
2256.737793 0.000000 1521.223267 0.000000 0.459106 0.000000 0.888381 0.661770 0.661770 0.661770
2254.015137 0.000000 1518.682251 0.000000 0.990839 0.000000 0.135048 0.695265 0.695265 0.695265
2313.394287 0.000000 1353.917358 0.000000 0.930288 0.000000 -0.366830 0.707352 0.707352 0.707352
2306.036377 0.000000 1353.133667 0.000000 0.904904 0.000000 0.425615 0.688936 0.688936 0.688936
2310.507324 0.000000 1348.359375 0.000000 0.974345 0.000000 0.225060 0.696192 0.696192 0.696192
2309.706787 0.000000 1354.844116 0.000000 0.321087 0.000000 -0.947050 0.731303 0.731303 0.731303
2309.606689 0.000000 1351.567261 0.000000 0.719745 0.000000 0.694238 0.677471 0.677471 0.677471
2390.684570 0.000000 1375.103760 0.000000 0.965842 0.000000 -0.259131 0.700366 0.700366 0.700366
2404.916016 0.000000 1389.589478 0.000000 0.784892 0.000000 0.619633 0.683183 0.683183 0.683183
2394.680664 0.000000 1385.477417 0.000000 0.999740 0.000000 -0.022797 0.700829 0.700829 0.700829
2413.354492 0.000000 1396.127197 0.000000 0.007004 0.000000 -0.999975 0.743726 0.743726 0.743726
2379.083740 0.000000 1381.479980 0.000000 0.763092 0.000000 0.646290 0.682316 0.682316 0.682316
2387.336426 0.000000 1381.891113 0.000000 0.304462 0.000000 -0.952525 0.740562 0.740562 0.740562
2398.409912 0.000000 1392.338989 0.000000 0.637162 0.000000 -0.770730 0.712303 0.712303 0.712303
2406.663086 0.000000 1396.060425 0.000000 0.191343 0.000000 -0.981523 0.721196 0.721196 0.721196
2383.294434 0.000000 1376.620728 0.000000 0.998590 0.000000 -0.053088 0.700891 0.700891 0.700891
2401.378662 0.000000 1384.540405 0.000000 0.975093 0.000000 0.221795 0.694997 0.694997 0.694997
2410.319824 0.000000 1391.506714 0.000000 0.976929 0.000000 -0.213563 0.705115 0.705115 0.705115
2393.118164 0.000000 1380.402588 0.000000 0.952993 0.000000 0.302993 0.693114 0.693114 0.693114
2415.953857 0.000000 1391.870850 0.000000 0.248959 0.000000 -0.968514 0.720288 0.720288 0.720288
2383.079590 0.000000 1384.331787 0.000000 0.955886 0.000000 -0.293739 0.705002 0.705002 0.705002
2402.144287 0.000000 1395.666748 0.000000 0.863264 0.000000 0.504753 0.691123 0.691123 0.691123
2398.437500 0.000000 1387.865967 0.000000 0.998687 0.000000 0.051234 0.698209 0.698209 0.698209
2390.720215 0.000000 1384.211182 0.000000 0.971665 0.000000 -0.236362 0.707006 0.707006 0.707006
2397.806641 0.000000 1383.244385 0.000000 0.413153 0.000000 0.910662 0.672789 0.672789 0.672789
2383.493408 0.000000 1380.570312 0.000000 0.324572 0.000000 0.945861 0.656652 0.656652 0.656652
2401.456055 0.000000 1390.624878 0.000000 0.066857 0.000000 -0.997763 0.742051 0.742051 0.742051
2406.941162 0.000000 1392.369751 0.000000 0.418025 0.000000 -0.908436 0.739828 0.739828 0.739828
2410.068359 0.000000 1395.196533 0.000000 0.101928 0.000000 -0.994792 0.745173 0.745173 0.745173
2403.863037 0.000000 1392.646118 0.000000 0.143579 0.000000 0.989639 0.662102 0.662102 0.662102
2413.006104 0.000000 1393.110352 0.000000 0.268130 0.000000 -0.963383 0.738148 0.738148 0.738148
2460.207520 0.000000 1406.645142 0.000000 0.983120 0.000000 0.182964 0.698971 0.698971 0.698971
2305.019043 0.000000 1464.202271 0.000000 0.783048 0.000000 -0.621961 0.710323 0.710323 0.710323
2460.070312 0.000000 1415.320923 0.000000 0.903964 0.000000 -0.427608 0.709884 0.709884 0.709884
2490.114014 0.000000 1421.181763 0.000000 0.175511 0.000000 0.984477 0.672708 0.672708 0.672708
2490.972900 0.000000 1434.249268 0.000000 0.948348 0.000000 -0.317231 0.702708 0.702708 0.702708
2467.199219 0.000000 1408.218750 0.000000 0.751034 0.000000 -0.660264 0.705041 0.705041 0.705041
2487.074951 0.000000 1428.182495 0.000000 0.843717 0.000000 -0.536789 0.709506 0.709506 0.709506
2461.207764 0.000000 1409.379883 0.000000 0.878724 0.000000 0.477330 0.692347 0.692347 0.692347
2493.133057 0.000000 1428.479858 0.000000 0.835481 0.000000 -0.549519 0.720334 0.720334 0.720334
2464.398438 0.000000 1413.701416 0.000000 0.980435 0.000000 0.196842 0.694460 0.694460 0.694460
2493.484619 0.000000 1424.122314 0.000000 0.653053 0.000000 0.757312 0.665165 0.665165 0.665165
2489.806152 0.000000 1425.447876 0.000000 0.304688 0.000000 0.952452 0.668262 0.668262 0.668262
2490.061035 0.000000 1430.596924 0.000000 0.999101 0.000000 -0.042394 0.701364 0.701364 0.701364
2490.566895 0.000000 1428.000488 0.000000 0.638328 0.000000 -0.769764 0.735617 0.735617 0.735617
2497.197754 0.000000 1423.512695 0.000000 0.751594 0.000000 0.659626 0.687915 0.687915 0.687915
2495.926025 0.000000 1432.534790 0.000000 0.063047 0.000000 -0.998011 0.714755 0.714755 0.714755
2504.496826 0.000000 1427.984375 0.000000 0.503044 0.000000 0.864261 0.667899 0.667899 0.667899
2507.553223 0.000000 1423.084839 0.000000 0.661197 0.000000 -0.750212 0.708303 0.708303 0.708303
2506.867188 0.000000 1432.727417 0.000000 0.192829 0.000000 -0.981232 0.713473 0.713473 0.713473
2509.293701 0.000000 1428.439697 0.000000 0.689724 0.000000 0.724072 0.685284 0.685284 0.685284
2495.816406 0.000000 1420.143799 0.000000 0.978224 0.000000 -0.207552 0.704384 0.704384 0.704384
2495.766846 0.000000 1426.233643 0.000000 0.998716 0.000000 -0.050664 0.701488 0.701488 0.701488
2680.320068 0.000000 1332.041626 0.000000 0.636923 0.000000 -0.770928 0.723384 0.723384 0.723384
2682.090576 0.000000 1293.213013 0.000000 0.999994 0.000000 0.003453 0.699937 0.699937 0.699937
2682.949463 0.000000 1306.280518 0.000000 0.598974 0.000000 0.800769 0.692211 0.692211 0.692211
2679.333984 0.000000 1337.437988 0.000000 0.782872 0.000000 -0.622183 0.723471 0.723471 0.723471
2685.461182 0.000000 1296.153564 0.000000 0.715680 0.000000 -0.698428 0.719458 0.719458 0.719458
2685.695557 0.000000 1309.588867 0.000000 0.961761 0.000000 -0.273891 0.709697 0.709697 0.709697
2682.864258 0.000000 1335.248779 0.000000 0.999813 0.000000 -0.019337 0.700676 0.700676 0.700676
2681.782715 0.000000 1297.479126 0.000000 0.384319 0.000000 0.923200 0.658885 0.658885 0.658885
2678.049805 0.000000 1334.462524 0.000000 0.217938 0.000000 -0.975963 0.747223 0.747223 0.747223
2680.320068 0.000000 1396.026001 0.000000 0.561988 0.000000 0.827146 0.698638 0.698638 0.698638
2684.230957 0.000000 1404.392578 0.000000 0.999798 0.000000 -0.020095 0.700506 0.700506 0.700506
2687.038574 0.000000 1399.741699 0.000000 0.301945 0.000000 -0.953325 0.744181 0.744181 0.744181
2682.864258 0.000000 1399.233154 0.000000 0.947921 0.000000 -0.318507 0.709517 0.709517 0.709517
2682.234375 0.000000 1402.099976 0.000000 0.041795 0.000000 0.999126 0.648697 0.648697 0.648697
2684.902832 0.000000 1401.461060 0.000000 0.705358 0.000000 0.708852 0.672463 0.672463 0.672463
2708.638184 0.000000 1338.733765 0.000000 0.806082 0.000000 0.591804 0.677865 0.677865 0.677865
2687.902588 0.000000 1304.566040 0.000000 0.411268 0.000000 -0.911514 0.714432 0.714432 0.714432
2688.385986 0.000000 1313.853149 0.000000 0.061307 0.000000 -0.998119 0.721103 0.721103 0.721103
2713.376465 0.000000 1335.479370 0.000000 0.866669 0.000000 0.498884 0.685396 0.685396 0.685396
2690.434570 0.000000 1309.229614 0.000000 0.062463 0.000000 -0.998047 0.721087 0.721087 0.721087
2712.868164 0.000000 1339.772217 0.000000 0.689541 0.000000 0.724247 0.672824 0.672824 0.672824
2709.442627 0.000000 1334.033569 0.000000 0.303819 0.000000 -0.952730 0.740583 0.740583 0.740583
2687.746826 0.000000 1310.762939 0.000000 0.925621 0.000000 0.378451 0.686434 0.686434 0.686434
2687.721924 0.000000 1307.671265 0.000000 0.480601 0.000000 -0.876939 0.732894 0.732894 0.732894
2710.793945 0.000000 1336.762695 0.000000 0.614383 0.000000 -0.789008 0.731778 0.731778 0.731778
2768.036865 0.000000 1341.828979 0.000000 0.998148 0.000000 0.060837 0.699404 0.699404 0.699404
2733.809814 0.000000 1373.958252 0.000000 0.884338 0.000000 0.466846 0.691851 0.691851 0.691851
2732.887695 0.000000 1380.061401 0.000000 0.867420 0.000000 -0.497576 0.710922 0.710922 0.710922
2687.774170 0.000000 1404.743530 0.000000 0.263436 0.000000 -0.964677 0.727351 0.727351 0.727351
2688.972168 0.000000 1400.217896 0.000000 0.940635 0.000000 -0.339420 0.707746 0.707746 0.707746
2737.573242 0.000000 1376.357788 0.000000 0.053923 0.000000 -0.998545 0.733930 0.733930 0.733930
2732.036621 0.000000 1376.744263 0.000000 0.629178 0.000000 0.777261 0.668882 0.668882 0.668882
2734.865234 0.000000 1376.789062 0.000000 0.829129 0.000000 -0.559057 0.720735 0.720735 0.720735
2772.630371 0.000000 1402.718140 0.000000 0.559466 0.000000 0.828853 0.665850 0.665850 0.665850
2768.730713 0.000000 1361.089478 0.000000 0.999923 0.000000 -0.012407 0.700347 0.700347 0.700347
2773.238770 0.000000 1344.025879 0.000000 0.769118 0.000000 0.639107 0.677705 0.677705 0.677705
2760.225342 0.000000 1393.540039 0.000000 0.109349 0.000000 -0.994003 0.708172 0.708172 0.708172
2771.302979 0.000000 1352.695435 0.000000 0.668846 0.000000 -0.743401 0.703515 0.703515 0.703515
2765.091797 0.000000 1400.119873 0.000000 0.541489 0.000000 0.840708 0.688831 0.688831 0.688831
2780.168457 0.000000 1406.645142 0.000000 0.880434 0.000000 0.474169 0.695856 0.695856 0.695856
2759.921143 0.000000 1387.164307 0.000000 0.966282 0.000000 0.257485 0.693446 0.693446 0.693446
2768.257080 0.000000 1347.426636 0.000000 0.262632 0.000000 0.964896 0.654386 0.654386 0.654386
2769.745605 0.000000 1396.116089 0.000000 0.672022 0.000000 0.740531 0.670855 0.670855 0.670855
2777.368652 0.000000 1399.463745 0.000000 0.208464 0.000000 -0.978030 0.711415 0.711415 0.711415
2766.403809 0.000000 1354.836914 0.000000 0.035786 0.000000 -0.999359 0.730044 0.730044 0.730044
2765.647949 0.000000 1393.331421 0.000000 0.013502 0.000000 0.999909 0.684760 0.684760 0.684760
2763.722656 0.000000 1389.325928 0.000000 0.999033 0.000000 -0.043958 0.701537 0.701537 0.701537
2776.860352 0.000000 1403.756592 0.000000 0.514330 0.000000 0.857592 0.669743 0.669743 0.669743
2770.039062 0.000000 1356.979980 0.000000 0.787502 0.000000 -0.616313 0.723210 0.723210 0.723210
2773.434814 0.000000 1398.017944 0.000000 0.209687 0.000000 -0.977769 0.739915 0.739915 0.739915
2769.040771 0.000000 1400.988037 0.000000 0.980067 0.000000 -0.198668 0.706990 0.706990 0.706990
2769.194092 0.000000 1343.677612 0.000000 0.962201 0.000000 -0.272341 0.709641 0.709641 0.709641
2763.264648 0.000000 1385.252686 0.000000 0.955518 0.000000 -0.294933 0.707953 0.707953 0.707953
2764.172607 0.000000 1396.561401 0.000000 0.468224 0.000000 -0.883610 0.733326 0.733326 0.733326
2772.027832 0.000000 1347.302490 0.000000 0.994954 0.000000 0.100328 0.696909 0.696909 0.696909
2766.820068 0.000000 1358.301270 0.000000 0.108144 0.000000 -0.994135 0.749070 0.749070 0.749070
2767.123047 0.000000 1397.790527 0.000000 0.196325 0.000000 -0.980539 0.747995 0.747995 0.747995
2774.786133 0.000000 1400.747070 0.000000 0.734506 0.000000 0.678602 0.673931 0.673931 0.673931
2771.788818 0.000000 1400.137695 0.000000 0.681860 0.000000 0.731483 0.663293 0.663293 0.663293
2680.320068 0.000000 1460.010376 0.000000 0.614896 0.000000 -0.788608 0.715242 0.715242 0.715242
2684.137451 0.000000 1451.465698 0.000000 0.295325 0.000000 -0.955397 0.703554 0.703554 0.703554
2685.847168 0.000000 1458.742432 0.000000 0.078500 0.000000 0.996914 0.685396 0.685396 0.685396
2681.349365 0.000000 1455.351196 0.000000 0.902081 0.000000 0.431568 0.684403 0.684403 0.684403
2684.571533 0.000000 1455.979858 0.000000 0.881342 0.000000 0.472480 0.687616 0.687616 0.687616
2682.827148 0.000000 1458.382568 0.000000 0.139495 0.000000 -0.990223 0.748010 0.748010 0.748010
2678.438721 0.000000 1456.181030 0.000000 0.945940 0.000000 -0.324342 0.711545 0.711545 0.711545
2618.098389 0.000000 1485.166138 0.000000 0.475299 0.000000 0.879824 0.678949 0.678949 0.678949
2621.701904 0.000000 1481.908447 0.000000 0.709501 0.000000 -0.704704 0.714213 0.714213 0.714213
2622.544434 0.000000 1485.031372 0.000000 0.627521 0.000000 -0.778600 0.728697 0.728697 0.728697
2625.182129 0.000000 1487.497070 0.000000 0.962691 0.000000 -0.270601 0.704980 0.704980 0.704980
2652.046875 0.000000 1479.305298 0.000000 0.812227 0.000000 0.583342 0.693034 0.693034 0.693034
2664.001465 0.000000 1533.581299 0.000000 0.981067 0.000000 -0.193667 0.700817 0.700817 0.700817
2631.846924 0.000000 1500.965088 0.000000 0.576713 0.000000 0.816947 0.690643 0.690643 0.690643
2661.027832 0.000000 1504.770996 0.000000 0.913918 0.000000 -0.405899 0.708181 0.708181 0.708181
2654.994629 0.000000 1527.574463 0.000000 0.999233 0.000000 0.039168 0.699836 0.699836 0.699836
2623.910400 0.000000 1496.519165 0.000000 0.951885 0.000000 -0.306455 0.703484 0.703484 0.703484
2669.817627 0.000000 1501.927002 0.000000 0.975262 0.000000 -0.221054 0.701870 0.701870 0.701870
2659.202637 0.000000 1482.785522 0.000000 0.873141 0.000000 0.487468 0.690034 0.690034 0.690034
2652.452393 0.000000 1486.951416 0.000000 0.972411 0.000000 0.233276 0.697037 0.697037 0.697037
2662.631836 0.000000 1524.029175 0.000000 0.924609 0.000000 0.380918 0.692351 0.692351 0.692351
2625.997314 0.000000 1481.102417 0.000000 0.381964 0.000000 -0.924177 0.716482 0.716482 0.716482
2629.041016 0.000000 1495.967041 0.000000 0.778843 0.000000 -0.627218 0.718957 0.718957 0.718957
2626.442383 0.000000 1501.182739 0.000000 0.924093 0.000000 -0.382167 0.704934 0.704934 0.704934
2661.663818 0.000000 1529.065430 0.000000 0.379911 0.000000 -0.925023 0.736328 0.736328 0.736328
2626.024658 0.000000 1492.218994 0.000000 0.530563 0.000000 0.847646 0.681616 0.681616 0.681616
2664.838623 0.000000 1501.795288 0.000000 0.875404 0.000000 0.483392 0.687303 0.687303 0.687303
2654.757080 0.000000 1483.052979 0.000000 0.327402 0.000000 -0.944885 0.741514 0.741514 0.741514
2665.093750 0.000000 1506.073608 0.000000 0.540290 0.000000 -0.841479 0.716777 0.716777 0.716777
2665.373047 0.000000 1527.200806 0.000000 0.992897 0.000000 0.118979 0.697999 0.697999 0.697999
2660.966797 0.000000 1500.680542 0.000000 0.703889 0.000000 0.710310 0.685643 0.685643 0.685643
2623.800781 0.000000 1484.128174 0.000000 0.606000 0.000000 -0.795465 0.729576 0.729576 0.729576
2658.587402 0.000000 1527.337524 0.000000 0.946544 0.000000 0.322574 0.691735 0.691735 0.691735
2626.644287 0.000000 1498.058594 0.000000 0.735359 0.000000 0.677678 0.682303 0.682303 0.682303
2695.839111 0.000000 1436.980713 0.000000 0.755378 0.000000 0.655289 0.697003 0.697003 0.697003
2738.033936 0.000000 1468.048706 0.000000 0.256976 0.000000 0.966418 0.678007 0.678007 0.678007
2699.044678 0.000000 1445.464355 0.000000 0.911701 0.000000 0.410854 0.688161 0.688161 0.688161
2703.877930 0.000000 1434.243896 0.000000 0.998379 0.000000 0.056915 0.698010 0.698010 0.698010
2707.297363 0.000000 1445.875488 0.000000 0.614084 0.000000 0.789241 0.691099 0.691099 0.691099
2698.843750 0.000000 1432.727417 0.000000 0.542601 0.000000 0.839990 0.687452 0.687452 0.687452
2703.040527 0.000000 1448.316162 0.000000 0.394836 0.000000 -0.918752 0.724429 0.724429 0.724429
2700.278076 0.000000 1437.290039 0.000000 0.613615 0.000000 -0.789605 0.731812 0.731812 0.731812
2703.454346 0.000000 1444.554688 0.000000 0.219774 0.000000 -0.975551 0.749044 0.749044 0.749044
2699.455322 0.000000 1440.823730 0.000000 0.997216 0.000000 -0.074563 0.702713 0.702713 0.702713
2704.280518 0.000000 1430.676392 0.000000 0.806784 0.000000 0.590847 0.677907 0.677907 0.677907
2738.525146 0.000000 1471.631348 0.000000 0.655555 0.000000 -0.755147 0.729914 0.729914 0.729914
2701.714844 0.000000 1432.219116 0.000000 0.813682 0.000000 0.581310 0.679185 0.679185 0.679185
2700.841553 0.000000 1443.259155 0.000000 0.702451 0.000000 0.711732 0.659033 0.659033 0.659033
2700.851074 0.000000 1434.722168 0.000000 0.930366 0.000000 -0.366632 0.713120 0.713120 0.713120
2698.067383 0.000000 1443.120117 0.000000 0.629048 0.000000 0.777367 0.666387 0.666387 0.666387
2780.031250 0.000000 1415.320923 0.000000 0.112848 0.000000 0.993612 0.677582 0.677582 0.677582
2812.215332 0.000000 1468.376953 0.000000 0.874675 0.000000 0.484710 0.692218 0.692218 0.692218
2802.026123 0.000000 1468.048706 0.000000 0.032162 0.000000 -0.999483 0.749475 0.749475 0.749475
2781.168701 0.000000 1409.379883 0.000000 0.355109 0.000000 0.934825 0.664541 0.664541 0.664541
2775.145752 0.000000 1412.959229 0.000000 0.986550 0.000000 0.163459 0.698623 0.698623 0.698623
2777.122559 0.000000 1409.318726 0.000000 0.353034 0.000000 -0.935611 0.730449 0.730449 0.730449
2805.653320 0.000000 1469.722412 0.000000 0.803116 0.000000 -0.595822 0.712493 0.712493 0.712493
2802.517334 0.000000 1471.631348 0.000000 0.893746 0.000000 0.448572 0.683742 0.683742 0.683742
2778.690430 0.000000 1412.203369 0.000000 0.750766 0.000000 0.660568 0.674780 0.674780 0.674780
2781.808594 0.000000 1412.310181 0.000000 0.493693 0.000000 0.869636 0.663145 0.663145 0.663145
2742.725342 0.000000 1472.392822 0.000000 0.822681 0.000000 -0.568503 0.705918 0.705918 0.705918
2729.213623 0.000000 1488.052734 0.000000 0.546886 0.000000 0.837207 0.675032 0.675032 0.675032
2735.222168 0.000000 1473.068726 0.000000 0.666141 0.000000 -0.745826 0.724714 0.724714 0.724714
2718.387939 0.000000 1507.449341 0.000000 0.436087 0.000000 0.899905 0.690609 0.690609 0.690609
2710.399658 0.000000 1485.960327 0.000000 0.521392 0.000000 -0.853317 0.735732 0.735732 0.735732
2713.079102 0.000000 1508.371338 0.000000 0.409561 0.000000 0.912283 0.659847 0.659847 0.659847
2732.305664 0.000000 1484.299194 0.000000 0.021680 0.000000 0.999765 0.674011 0.674011 0.674011
2715.240723 0.000000 1503.890869 0.000000 0.347491 0.000000 -0.937683 0.718699 0.718699 0.718699
2727.906982 0.000000 1483.675659 0.000000 0.895304 0.000000 -0.445456 0.710327 0.710327 0.710327
2712.957275 0.000000 1489.593018 0.000000 0.043827 0.000000 -0.999039 0.727752 0.727752 0.727752
2706.046875 0.000000 1484.948730 0.000000 0.945820 0.000000 0.324690 0.688904 0.688904 0.688904
2738.891602 0.000000 1475.089844 0.000000 0.956864 0.000000 0.290537 0.689697 0.689697 0.689697
2736.728760 0.000000 1477.392578 0.000000 0.389166 0.000000 0.921168 0.659069 0.659069 0.659069
2739.612793 0.000000 1472.077393 0.000000 0.918933 0.000000 -0.394414 0.714170 0.714170 0.714170
2710.659912 0.000000 1491.678223 0.000000 0.835096 0.000000 -0.550105 0.723616 0.723616 0.723616
2712.501709 0.000000 1505.311768 0.000000 0.996221 0.000000 -0.086852 0.703039 0.703039 0.703039
2715.966064 0.000000 1508.971924 0.000000 0.523225 0.000000 0.852194 0.664344 0.664344 0.664344
2732.807617 0.000000 1481.502197 0.000000 0.783435 0.000000 0.621474 0.675623 0.675623 0.675623
2731.911377 0.000000 1487.175781 0.000000 0.707040 0.000000 -0.707174 0.727454 0.727454 0.727454
2730.266357 0.000000 1482.299438 0.000000 0.047698 0.000000 -0.998862 0.761752 0.761752 0.761752
2799.942383 0.000000 1493.583984 0.000000 0.008956 0.000000 -0.999960 0.754589 0.754589 0.754589
2806.717529 0.000000 1472.392822 0.000000 0.911098 0.000000 -0.412190 0.705940 0.705940 0.705940
2810.933838 0.000000 1498.233643 0.000000 0.935230 0.000000 0.354041 0.688363 0.688363 0.688363
2799.214355 0.000000 1473.068726 0.000000 0.115699 0.000000 -0.993284 0.730509 0.730509 0.730509
2811.328613 0.000000 1478.018188 0.000000 0.992268 0.000000 0.124116 0.698782 0.698782 0.698782
2813.311523 0.000000 1472.447144 0.000000 0.989402 0.000000 -0.145200 0.705093 0.705093 0.705093
2794.871582 0.000000 1493.420288 0.000000 0.183898 0.000000 0.982945 0.678687 0.678687 0.678687
2809.967773 0.000000 1503.629639 0.000000 0.789456 0.000000 0.613807 0.691684 0.691684 0.691684
2798.237061 0.000000 1488.971436 0.000000 0.932786 0.000000 0.360431 0.688143 0.688143 0.688143
2813.679932 0.000000 1501.541992 0.000000 0.545804 0.000000 -0.837913 0.734723 0.734723 0.734723
2802.883789 0.000000 1475.089844 0.000000 0.516549 0.000000 -0.856257 0.717246 0.717246 0.717246
2810.041748 0.000000 1473.609009 0.000000 0.739232 0.000000 -0.673451 0.725825 0.725825 0.725825
2803.604980 0.000000 1472.077393 0.000000 0.726664 0.000000 0.686993 0.673530 0.673530 0.673530
2813.543457 0.000000 1475.797729 0.000000 0.001478 0.000000 -0.999999 0.754850 0.754850 0.754850
2797.510498 0.000000 1492.199219 0.000000 0.770433 0.000000 -0.637521 0.724161 0.724161 0.724161
2821.218018 0.000000 1530.196655 0.000000 0.768690 0.000000 0.639621 0.675743 0.675743 0.675743
2816.029053 0.000000 1474.933716 0.000000 0.965168 0.000000 -0.261631 0.704071 0.704071 0.704071
2815.886963 0.000000 1496.519165 0.000000 0.916885 0.000000 0.399152 0.697130 0.697130 0.697130
2826.018311 0.000000 1533.338501 0.000000 0.913599 0.000000 -0.406617 0.704098 0.704098 0.704098
2821.234131 0.000000 1535.578247 0.000000 0.687716 0.000000 0.725980 0.686370 0.686370 0.686370
2820.567871 0.000000 1525.061401 0.000000 0.999919 0.000000 -0.012720 0.700178 0.700178 0.700178
2816.956543 0.000000 1528.186646 0.000000 0.818062 0.000000 0.575130 0.691433 0.691433 0.691433
2824.562256 0.000000 1530.287354 0.000000 0.117974 0.000000 0.993017 0.653293 0.653293 0.653293
2822.909424 0.000000 1532.937256 0.000000 0.902847 0.000000 -0.429961 0.715534 0.715534 0.715534
2815.731201 0.000000 1502.716064 0.000000 0.005425 0.000000 -0.999985 0.752524 0.752524 0.752524
2815.706299 0.000000 1499.624390 0.000000 0.453398 0.000000 0.891308 0.666160 0.666160 0.666160
2822.182373 0.000000 1527.520874 0.000000 0.249329 0.000000 0.968419 0.657593 0.657593 0.657593
2172.199951 0.000000 1579.434448 0.000000 0.111257 0.000000 0.993792 0.689799 0.689799 0.689799
2059.131592 0.000000 1600.396240 0.000000 0.838229 0.000000 -0.545318 0.704838 0.704838 0.704838
2081.539307 0.000000 1620.521362 0.000000 0.990022 0.000000 0.140914 0.695058 0.695058 0.695058
2057.425293 0.000000 1609.854858 0.000000 0.209332 0.000000 -0.977845 0.734222 0.734222 0.734222
2076.522705 0.000000 1614.920166 0.000000 0.090231 0.000000 -0.995921 0.712419 0.712419 0.712419
2054.538330 0.000000 1604.296875 0.000000 0.999870 0.000000 0.016102 0.699617 0.699617 0.699617
2059.853271 0.000000 1605.215698 0.000000 0.994876 0.000000 0.101107 0.696460 0.696460 0.696460
2077.320068 0.000000 1623.242554 0.000000 0.994269 0.000000 0.106903 0.698652 0.698652 0.698652
2077.375732 0.000000 1619.023560 0.000000 0.654107 0.000000 -0.756402 0.729981 0.729981 0.729981
2056.970947 0.000000 1606.509277 0.000000 0.994641 0.000000 0.103384 0.696380 0.696380 0.696380
2060.235840 0.000000 1608.476929 0.000000 0.349298 0.000000 -0.937012 0.728853 0.728853 0.728853
2081.633301 0.000000 1617.644043 0.000000 0.997162 0.000000 -0.075283 0.702423 0.702423 0.702423
2177.710449 0.000000 1578.636353 0.000000 0.192054 0.000000 0.981384 0.651853 0.651853 0.651853
2183.991455 0.000000 1579.117432 0.000000 0.973637 0.000000 0.228103 0.696783 0.696783 0.696783
2179.991943 0.000000 1582.986084 0.000000 0.958633 0.000000 -0.284645 0.708071 0.708071 0.708071
2181.003174 0.000000 1577.299194 0.000000 0.150209 0.000000 -0.988654 0.729779 0.729779 0.729779
2180.418945 0.000000 1580.145996 0.000000 0.621976 0.000000 -0.783036 0.731440 0.731440 0.731440
2282.711914 0.000000 1543.571655 0.000000 0.957505 0.000000 0.288416 0.697546 0.697546 0.697546
2275.222656 0.000000 1536.187500 0.000000 0.912883 0.000000 -0.408221 0.701764 0.701764 0.701764
2289.485596 0.000000 1549.106689 0.000000 0.253933 0.000000 -0.967222 0.756951 0.756951 0.756951
2281.161621 0.000000 1537.696167 0.000000 0.025075 0.000000 0.999686 0.648136 0.648136 0.648136
2287.579834 0.000000 1544.499268 0.000000 0.913556 0.000000 0.406714 0.685360 0.685360 0.685360
2286.299561 0.000000 1552.955811 0.000000 0.937469 0.000000 -0.348068 0.706461 0.706461 0.706461
2293.839355 0.000000 1551.406006 0.000000 0.984623 0.000000 -0.174691 0.704910 0.704910 0.704910
2290.780762 0.000000 1554.354614 0.000000 0.290191 0.000000 -0.956969 0.719629 0.719629 0.719629
2290.735596 0.000000 1545.796997 0.000000 0.182849 0.000000 -0.983141 0.727146 0.727146 0.727146
2287.196777 0.000000 1547.399780 0.000000 0.834318 0.000000 0.551284 0.678775 0.678775 0.678775
2284.862305 0.000000 1545.486572 0.000000 0.115824 0.000000 0.993270 0.651189 0.651189 0.651189
2289.333008 0.000000 1551.922485 0.000000 0.974362 0.000000 -0.224985 0.707932 0.707932 0.707932
2279.156738 0.000000 1535.678833 0.000000 0.382421 0.000000 0.923988 0.658814 0.658814 0.658814
2187.116211 0.000000 1600.396240 0.000000 0.497650 0.000000 0.867378 0.698532 0.698532 0.698532
2192.327393 0.000000 1603.364136 0.000000 0.870069 0.000000 -0.492929 0.718016 0.718016 0.718016
2187.837891 0.000000 1605.215698 0.000000 0.996800 0.000000 0.079941 0.698993 0.698993 0.698993
2191.776611 0.000000 1607.165283 0.000000 0.609589 0.000000 0.792718 0.671849 0.671849 0.671849
2160.020508 0.000000 1749.521484 0.000000 0.609242 0.000000 0.792984 0.694879 0.694879 0.694879
2140.109375 0.000000 1735.242798 0.000000 0.431208 0.000000 0.902252 0.693709 0.693709 0.693709
2147.238281 0.000000 1728.140625 0.000000 0.911844 0.000000 0.410537 0.694677 0.694677 0.694677
2172.199951 0.000000 1771.387573 0.000000 0.368322 0.000000 0.929698 0.658282 0.658282 0.658282
2165.261719 0.000000 1757.801025 0.000000 0.267709 0.000000 0.963500 0.663656 0.663656 0.663656
2168.436523 0.000000 1767.174316 0.000000 0.559863 0.000000 -0.828585 0.712288 0.712288 0.712288
2149.169434 0.000000 1733.322266 0.000000 0.120342 0.000000 -0.992732 0.732439 0.732439 0.732439
2164.193848 0.000000 1752.680664 0.000000 0.979024 0.000000 0.203745 0.693976 0.693976 0.693976
2144.437500 0.000000 1733.623291 0.000000 0.998564 0.000000 0.053573 0.698127 0.698127 0.698127
2174.052734 0.000000 1767.723267 0.000000 0.108491 0.000000 -0.994097 0.736794 0.736794 0.736794
2168.030518 0.000000 1771.336182 0.000000 0.971199 0.000000 0.238270 0.696300 0.696300 0.696300
2161.441895 0.000000 1755.961792 0.000000 0.770031 0.000000 0.638006 0.675817 0.675817 0.675817
2146.722900 0.000000 1731.283813 0.000000 0.986368 0.000000 0.164557 0.694222 0.694222 0.694222
2160.282715 0.000000 1752.734619 0.000000 0.923905 0.000000 -0.382621 0.713723 0.713723 0.713723
2146.940430 0.000000 1735.464478 0.000000 0.989160 0.000000 0.146844 0.695055 0.695055 0.695055
2171.183105 0.000000 1766.198853 0.000000 0.363160 0.000000 -0.931727 0.738559 0.738559 0.738559
2170.158447 0.000000 1769.464111 0.000000 0.588780 0.000000 0.808294 0.667102 0.667102 0.667102
2234.145264 0.000000 1677.119263 0.000000 0.445008 0.000000 -0.895527 0.703103 0.703103 0.703103
2238.591309 0.000000 1676.984497 0.000000 0.459690 0.000000 0.888079 0.661793 0.661793 0.661793
2241.229004 0.000000 1679.450195 0.000000 0.405956 0.000000 0.913892 0.667767 0.667767 0.667767
2247.893799 0.000000 1692.918213 0.000000 0.887281 0.000000 0.461228 0.696649 0.696649 0.696649
2255.932617 0.000000 1690.181396 0.000000 0.972275 0.000000 -0.233840 0.701650 0.701650 0.701650
2242.044189 0.000000 1673.055542 0.000000 0.886919 0.000000 0.461925 0.690602 0.690602 0.690602
2250.898438 0.000000 1688.664917 0.000000 0.881354 0.000000 -0.472457 0.717199 0.717199 0.717199
2245.714600 0.000000 1674.765991 0.000000 0.632583 0.000000 -0.774492 0.714863 0.714863 0.714863
2239.847656 0.000000 1676.081299 0.000000 0.981167 0.000000 -0.193161 0.706794 0.706794 0.706794
2243.072021 0.000000 1676.656494 0.000000 0.994933 0.000000 0.100539 0.696480 0.696480 0.696480
2253.769531 0.000000 1688.156616 0.000000 0.988629 0.000000 0.150374 0.695779 0.695779 0.695779
2248.334229 0.000000 1686.902100 0.000000 0.847483 0.000000 -0.530823 0.717211 0.717211 0.717211
2250.244141 0.000000 1691.430420 0.000000 0.892099 0.000000 -0.451840 0.716386 0.716386 0.716386
2177.710449 0.000000 1770.589478 0.000000 0.998053 0.000000 -0.062365 0.700436 0.700436 0.700436
2175.768555 0.000000 1766.379272 0.000000 0.978000 0.000000 -0.208603 0.705288 0.705288 0.705288
2072.765381 0.000000 1813.894653 0.000000 0.878303 0.000000 -0.478104 0.714635 0.714635 0.714635
2067.388916 0.000000 1800.586060 0.000000 0.664911 0.000000 -0.746923 0.715329 0.715329 0.715329
2069.252441 0.000000 1817.826660 0.000000 0.980784 0.000000 -0.195096 0.706863 0.706863 0.706863
2062.489502 0.000000 1802.727539 0.000000 0.834355 0.000000 -0.551227 0.720406 0.720406 0.720406
2067.625977 0.000000 1813.041382 0.000000 0.201185 0.000000 0.979553 0.680871 0.680871 0.680871
2073.939453 0.000000 1819.401855 0.000000 0.559426 0.000000 -0.828880 0.710928 0.710928 0.710928
2063.791992 0.000000 1799.118408 0.000000 0.914998 0.000000 0.403459 0.687227 0.687227 0.687227
2060.235840 0.000000 1800.430054 0.000000 0.789073 0.000000 0.614299 0.678729 0.678729 0.678729
2072.269531 0.000000 1816.876587 0.000000 0.246240 0.000000 -0.969209 0.742510 0.742510 0.742510
2069.995361 0.000000 1814.764282 0.000000 0.732861 0.000000 0.680378 0.673846 0.673846 0.673846
2065.081787 0.000000 1801.851929 0.000000 0.954701 0.000000 0.297567 0.689440 0.689440 0.689440
2049.252197 0.000000 1871.403320 0.000000 0.272700 0.000000 0.962099 0.689140 0.689140 0.689140
2081.539307 0.000000 1876.458862 0.000000 0.984457 0.000000 -0.175624 0.706170 0.706170 0.706170
2089.291748 0.000000 1871.958984 0.000000 0.882195 0.000000 -0.470884 0.717137 0.717137 0.717137
2050.067627 0.000000 1865.008667 0.000000 0.957882 0.000000 -0.287161 0.705294 0.705294 0.705294
2084.039062 0.000000 1872.096924 0.000000 0.213858 0.000000 -0.976865 0.730316 0.730316 0.730316
2082.844971 0.000000 1881.156128 0.000000 0.357110 0.000000 0.934062 0.686516 0.686516 0.686516
2077.320068 0.000000 1879.180054 0.000000 0.416703 0.000000 0.909043 0.685643 0.685643 0.685643
2087.984863 0.000000 1867.581909 0.000000 0.485679 0.000000 0.874137 0.670259 0.670259 0.670259
2047.870850 0.000000 1868.034424 0.000000 0.448534 0.000000 0.893766 0.667538 0.667538 0.667538
2085.339600 0.000000 1869.279175 0.000000 0.147777 0.000000 -0.989021 0.745740 0.745740 0.745740
2080.341797 0.000000 1879.427368 0.000000 0.982493 0.000000 0.186298 0.693450 0.693450 0.693450
2086.722168 0.000000 1873.395630 0.000000 0.999054 0.000000 -0.043497 0.701521 0.701521 0.701521
2163.439209 0.000000 1892.381226 0.000000 0.996749 0.000000 0.080568 0.699549 0.699549 0.699549
2161.501221 0.000000 1869.028564 0.000000 0.885815 0.000000 -0.464038 0.716866 0.716866 0.716866
2156.958008 0.000000 1891.936401 0.000000 0.962233 0.000000 -0.272229 0.709636 0.709636 0.709636
2159.595459 0.000000 1864.421143 0.000000 0.871796 0.000000 -0.489869 0.714314 0.714314 0.714314
2156.375977 0.000000 1868.205444 0.000000 0.451093 0.000000 -0.892477 0.737003 0.737003 0.737003
2161.643555 0.000000 1888.232788 0.000000 0.995813 0.000000 0.091413 0.697440 0.697440 0.697440
2160.263672 0.000000 1891.387085 0.000000 0.200121 0.000000 0.979771 0.659798 0.659798 0.659798
2156.106934 0.000000 1888.619263 0.000000 0.919149 0.000000 -0.393909 0.714151 0.714151 0.714151
2159.212402 0.000000 1867.321655 0.000000 0.169742 0.000000 -0.985488 0.748940 0.748940 0.748940
2158.935547 0.000000 1888.664062 0.000000 0.937519 0.000000 0.347935 0.687579 0.687579 0.687579
2068.716064 0.000000 1978.577515 0.000000 0.019196 0.000000 -0.999816 0.754231 0.754231 0.754231
2070.723633 0.000000 1950.963135 0.000000 0.999869 0.000000 0.016193 0.699977 0.699977 0.699977
2074.719727 0.000000 1961.336792 0.000000 0.051790 0.000000 0.998658 0.646909 0.646909 0.646909
2067.375244 0.000000 1957.750488 0.000000 0.668772 0.000000 0.743467 0.670702 0.670702 0.670702
2081.417480 0.000000 1960.399780 0.000000 0.714895 0.000000 0.699231 0.693505 0.693505 0.693505
2064.122803 0.000000 1981.672729 0.000000 0.072436 0.000000 0.997373 0.647632 0.647632 0.647632
2073.157227 0.000000 1956.261963 0.000000 0.707054 0.000000 0.707160 0.681332 0.681332 0.681332
2078.476562 0.000000 1963.725342 0.000000 0.892272 0.000000 0.451499 0.690831 0.690831 0.690831
2065.126709 0.000000 1976.847412 0.000000 0.491344 0.000000 0.870966 0.671918 0.671918 0.671918
2077.845703 0.000000 1959.103760 0.000000 0.815467 0.000000 0.578803 0.678426 0.678426 0.678426
2069.968506 0.000000 1955.799438 0.000000 0.822694 0.000000 -0.568484 0.721134 0.721134 0.721134
2067.223145 0.000000 1981.376831 0.000000 0.297600 0.000000 0.954691 0.655660 0.655660 0.655660
2069.324463 0.000000 1983.869629 0.000000 0.635316 0.000000 0.772252 0.683963 0.683963 0.683963
2065.279785 0.000000 1983.521362 0.000000 0.458266 0.000000 -0.888815 0.721428 0.721428 0.721428
2136.757568 0.000000 2005.847778 0.000000 0.882872 0.000000 -0.469613 0.712986 0.712986 0.712986
2173.012451 0.000000 2019.667480 0.000000 0.993369 0.000000 0.114966 0.699195 0.699195 0.699195
2173.909668 0.000000 2034.601807 0.000000 0.927800 0.000000 -0.373079 0.703742 0.703742 0.703742
2133.244873 0.000000 2009.779785 0.000000 0.716890 0.000000 0.697187 0.673036 0.673036 0.673036
2137.931641 0.000000 2011.354980 0.000000 0.995662 0.000000 0.093048 0.697785 0.697785 0.697785
2136.261719 0.000000 2008.829712 0.000000 0.959837 0.000000 -0.280559 0.709939 0.709939 0.709939
2133.987549 0.000000 2006.717407 0.000000 0.984341 0.000000 0.176274 0.693807 0.693807 0.693807
2256.793213 0.000000 1936.948853 0.000000 0.825743 0.000000 0.564046 0.695811 0.695811 0.695811
2249.402100 0.000000 1929.776733 0.000000 0.986302 0.000000 0.164948 0.694208 0.694208 0.694208
2259.365479 0.000000 1928.554810 0.000000 0.481481 0.000000 -0.876456 0.726888 0.726888 0.726888
2262.454346 0.000000 1933.850952 0.000000 0.999908 0.000000 0.013595 0.699525 0.699525 0.699525
2246.515137 0.000000 1924.218750 0.000000 0.561483 0.000000 -0.827488 0.706813 0.706813 0.706813
2254.466309 0.000000 1930.696289 0.000000 0.445394 0.000000 -0.895335 0.738768 0.738768 0.738768
2251.830078 0.000000 1925.137573 0.000000 0.784143 0.000000 0.620580 0.681280 0.681280 0.681280
2265.011963 0.000000 1937.483643 0.000000 0.781645 0.000000 -0.623724 0.722598 0.722598 0.722598
2258.101562 0.000000 1932.839355 0.000000 0.835987 0.000000 -0.548750 0.720302 0.720302 0.720302
2255.768799 0.000000 1927.087158 0.000000 0.149495 0.000000 0.988762 0.654315 0.654315 0.654315
2260.507080 0.000000 1937.374756 0.000000 0.678438 0.000000 0.734658 0.671159 0.671159 0.671159
2248.947510 0.000000 1926.431152 0.000000 0.802572 0.000000 0.596555 0.677659 0.677659 0.677659
2252.212646 0.000000 1928.398804 0.000000 0.928858 0.000000 -0.370436 0.713263 0.713263 0.713263
2251.605713 0.000000 1931.815796 0.000000 0.384972 0.000000 0.922928 0.660554 0.660554 0.660554
2261.104248 0.000000 1931.156860 0.000000 0.578945 0.000000 0.815367 0.666678 0.666678 0.666678
2265.530518 0.000000 1934.064819 0.000000 0.818128 0.000000 -0.575036 0.720557 0.720557 0.720557
2176.448486 0.000000 2017.681274 0.000000 0.567803 0.000000 0.823165 0.666203 0.666203 0.666203
2176.235596 0.000000 2034.632202 0.000000 0.858231 0.000000 0.513263 0.681162 0.681162 0.681162
2178.497070 0.000000 2013.057739 0.000000 0.003542 0.000000 0.999994 0.673706 0.673706 0.673706
2180.645996 0.000000 2036.936401 0.000000 0.995888 0.000000 -0.090597 0.701776 0.701776 0.701776
2179.991943 0.000000 2030.876709 0.000000 0.485361 0.000000 -0.874314 0.711901 0.711901 0.711901
2175.809326 0.000000 2014.591064 0.000000 0.921984 0.000000 0.387229 0.686102 0.686102 0.686102
2177.368896 0.000000 2037.235229 0.000000 0.306915 0.000000 0.951737 0.656001 0.656001 0.656001
2177.700439 0.000000 2032.413330 0.000000 0.154598 0.000000 -0.987977 0.749477 0.749477 0.749477
2388.677246 0.000000 1914.593140 0.000000 0.994956 0.000000 0.100313 0.699298 0.699298 0.699298
2384.083740 0.000000 1917.688354 0.000000 0.855629 0.000000 -0.517590 0.713691 0.713691 0.713691
2390.194336 0.000000 1918.254272 0.000000 0.114261 0.000000 0.993451 0.675568 0.675568 0.675568
2387.184082 0.000000 1917.392456 0.000000 0.464851 0.000000 -0.885389 0.731923 0.731923 0.731923
2448.769775 0.000000 1808.980103 0.000000 0.474033 0.000000 -0.880507 0.719573 0.719573 0.719573
2432.075928 0.000000 1794.855591 0.000000 0.224287 0.000000 0.974523 0.684961 0.684961 0.684961
2441.378662 0.000000 1801.807983 0.000000 0.725133 0.000000 0.688609 0.697876 0.697876 0.697876
2456.718506 0.000000 1813.894653 0.000000 0.044844 0.000000 -0.998994 0.753334 0.753334 0.753334
2434.020752 0.000000 1801.024292 0.000000 0.617344 0.000000 0.786693 0.678480 0.678480 0.678480
2438.491699 0.000000 1796.250000 0.000000 0.157600 0.000000 0.987503 0.654579 0.654579 0.654579
2443.561035 0.000000 1806.991089 0.000000 0.920964 0.000000 0.389648 0.687689 0.687689 0.687689
2446.442871 0.000000 1802.727539 0.000000 0.981382 0.000000 -0.192068 0.701891 0.701891 0.701891
2451.579102 0.000000 1813.041382 0.000000 0.319611 0.000000 0.947549 0.686070 0.686070 0.686070
2456.988525 0.000000 1809.514893 0.000000 0.267708 0.000000 0.963500 0.676377 0.676377 0.676377
2434.984131 0.000000 1797.433960 0.000000 0.107298 0.000000 -0.994227 0.751145 0.751145 0.751145
2437.591064 0.000000 1799.457886 0.000000 0.264676 0.000000 0.964337 0.654460 0.654460 0.654460
2446.859131 0.000000 1806.191895 0.000000 0.103223 0.000000 -0.994658 0.751288 0.751288 0.751288
2454.691162 0.000000 1811.600098 0.000000 0.936300 0.000000 0.351200 0.687458 0.687458 0.687458
2445.621338 0.000000 1809.147217 0.000000 0.174492 0.000000 -0.984659 0.748772 0.748772 0.748772
2401.500244 0.000000 1940.443237 0.000000 0.296287 0.000000 -0.955099 0.721306 0.721306 0.721306
2389.285645 0.000000 1919.885254 0.000000 0.988569 0.000000 0.150769 0.694710 0.694710 0.694710
2392.726318 0.000000 1941.863403 0.000000 0.146701 0.000000 0.989181 0.692039 0.692039 0.692039
2398.644775 0.000000 1947.790649 0.000000 0.587799 0.000000 0.809007 0.688141 0.688141 0.688141
2384.303955 0.000000 1923.286011 0.000000 0.227287 0.000000 0.973828 0.662490 0.662490 0.662490
2397.281006 0.000000 1943.164429 0.000000 0.013882 0.000000 -0.999904 0.754417 0.754417 0.754417
2397.336914 0.000000 1938.945435 0.000000 0.730546 0.000000 -0.682864 0.710509 0.710509 0.710509
2385.240967 0.000000 1919.536987 0.000000 0.124659 0.000000 -0.992200 0.750534 0.750534 0.750534
2388.074707 0.000000 1923.161865 0.000000 0.824083 0.000000 0.566469 0.683161 0.683161 0.683161
2396.418701 0.000000 1945.832153 0.000000 0.924391 0.000000 -0.381447 0.713679 0.713679 0.713679
2344.040527 0.000000 2045.456299 0.000000 0.907824 0.000000 -0.419351 0.701815 0.701815 0.701815
2320.159912 0.000000 2028.873657 0.000000 0.732182 0.000000 -0.681109 0.706285 0.706285 0.706285
2327.389893 0.000000 2033.931152 0.000000 0.372265 0.000000 -0.928127 0.743233 0.743233 0.743233
2334.417725 0.000000 2032.182739 0.000000 0.998950 0.000000 -0.045804 0.701602 0.701602 0.701602
2342.670898 0.000000 2035.904175 0.000000 0.285783 0.000000 -0.958294 0.712536 0.712536 0.712536
2325.783691 0.000000 2028.138428 0.000000 0.159837 0.000000 0.987143 0.654652 0.654652 0.654652
2341.702881 0.000000 2040.940430 0.000000 0.861094 0.000000 0.508446 0.683595 0.683595 0.683595
2329.972168 0.000000 2029.901001 0.000000 0.826953 0.000000 -0.562271 0.712522 0.712522 0.712522
2323.492676 0.000000 2031.853516 0.000000 0.783518 0.000000 0.621370 0.676565 0.676565 0.676565
2332.387207 0.000000 2035.925293 0.000000 0.991102 0.000000 -0.133107 0.703173 0.703173 0.703173
2345.412109 0.000000 2039.075806 0.000000 0.816217 0.000000 -0.577746 0.721529 0.721529 0.721529
2330.664795 0.000000 2033.016846 0.000000 0.677864 0.000000 0.735188 0.668822 0.668822 0.668822
2326.801270 0.000000 2030.989258 0.000000 0.640530 0.000000 -0.767933 0.733052 0.733052 0.733052
2322.952881 0.000000 2029.080078 0.000000 0.948694 0.000000 -0.316196 0.709895 0.709895 0.709895
2748.129639 0.000000 1579.434448 0.000000 0.412290 0.000000 0.911053 0.691990 0.691990 0.691990
2740.345459 0.000000 1581.944336 0.000000 0.245011 0.000000 0.969520 0.681500 0.681500 0.681500
2744.366211 0.000000 1575.221191 0.000000 0.266604 0.000000 0.963806 0.659987 0.659987 0.659987
2743.960205 0.000000 1579.383057 0.000000 0.446762 0.000000 0.894653 0.661286 0.661286 0.661286
2742.262695 0.000000 1577.384888 0.000000 0.225052 0.000000 -0.974347 0.746968 0.746968 0.746968
2753.166504 0.000000 1551.481445 0.000000 0.991928 0.000000 0.126800 0.699467 0.699467 0.699467
2763.045898 0.000000 1536.411865 0.000000 0.468578 0.000000 0.883422 0.669715 0.669715 0.669715
2760.465576 0.000000 1555.953125 0.000000 0.395128 0.000000 0.918626 0.683718 0.683718 0.683718
2758.452637 0.000000 1540.312500 0.000000 0.851298 0.000000 -0.524683 0.703861 0.703861 0.703861
2758.488770 0.000000 1550.528564 0.000000 0.713169 0.000000 0.700993 0.680452 0.680452 0.680452
2763.767578 0.000000 1541.231323 0.000000 0.736868 0.000000 0.676037 0.674053 0.674053 0.674053
2754.009033 0.000000 1556.203369 0.000000 0.968774 0.000000 0.247944 0.695446 0.695446 0.695446
2757.152588 0.000000 1553.947388 0.000000 0.297732 0.000000 0.954650 0.655665 0.655665 0.655665
2761.325928 0.000000 1539.605591 0.000000 0.652037 0.000000 -0.758187 0.724062 0.724062 0.724062
2748.942139 0.000000 1635.761230 0.000000 0.985118 0.000000 -0.171881 0.706038 0.706038 0.706038
2749.101807 0.000000 1620.432983 0.000000 0.981576 0.000000 0.191072 0.696237 0.696237 0.696237
2749.982422 0.000000 1639.754517 0.000000 0.902770 0.000000 -0.430123 0.713676 0.713676 0.713676
2750.331055 0.000000 1623.925171 0.000000 0.219215 0.000000 0.975677 0.652823 0.652823 0.652823
2751.651611 0.000000 1621.478638 0.000000 0.986775 0.000000 -0.162099 0.705691 0.705691 0.705691
2751.894775 0.000000 1624.487915 0.000000 0.991291 0.000000 0.131693 0.695384 0.695384 0.695384
2752.378174 0.000000 1633.775024 0.000000 0.834634 0.000000 0.550805 0.691845 0.691845 0.691845
2757.025391 0.000000 1623.935791 0.000000 0.527643 0.000000 0.849466 0.690067 0.690067 0.690067
2754.009033 0.000000 1620.187744 0.000000 0.027028 0.000000 0.999635 0.661151 0.661151 0.661151
2751.698242 0.000000 1638.410522 0.000000 0.215021 0.000000 0.976610 0.656459 0.656459 0.656459
2832.722900 0.000000 1553.042603 0.000000 0.884805 0.000000 0.465961 0.692546 0.692546 0.692546
2823.823486 0.000000 1564.949463 0.000000 0.189415 0.000000 -0.981897 0.707719 0.707719 0.707719
2825.331787 0.000000 1545.870483 0.000000 0.278719 0.000000 0.960373 0.696398 0.696398 0.696398
2827.029053 0.000000 1573.433105 0.000000 0.992960 0.000000 0.118449 0.698340 0.698340 0.698340
2824.457764 0.000000 1555.953125 0.000000 0.979613 0.000000 -0.200892 0.700848 0.700848 0.700848
2831.239746 0.000000 1568.573853 0.000000 0.928457 0.000000 0.371439 0.695212 0.695212 0.695212
2827.514160 0.000000 1551.053589 0.000000 0.849749 0.000000 -0.527188 0.719408 0.719408 0.719408
2830.395996 0.000000 1546.790039 0.000000 0.224999 0.000000 0.974359 0.675576 0.675576 0.675576
2823.822998 0.000000 1569.808350 0.000000 0.570457 0.000000 -0.821328 0.725600 0.725600 0.725600
2827.439697 0.000000 1568.792480 0.000000 0.408086 0.000000 0.912943 0.659790 0.659790 0.659790
2830.812256 0.000000 1550.254395 0.000000 0.653884 0.000000 0.756595 0.670008 0.670008 0.670008
2827.535400 0.000000 1547.909546 0.000000 0.628586 0.000000 0.777740 0.673839 0.673839 0.673839
2829.574463 0.000000 1553.209717 0.000000 0.791791 0.000000 0.610792 0.677035 0.677035 0.677035
2825.455811 0.000000 1567.039062 0.000000 0.993673 0.000000 -0.112314 0.703934 0.703934 0.703934
325.522491 0.000000 2425.977783 0.000000 0.378977 0.000000 -0.925406 1.121429 1.121429 1.121429
330.322662 0.000000 2429.119873 0.000000 0.759247 0.000000 0.650802 0.599937 0.599937 0.599937
328.866760 0.000000 2426.068604 0.000000 0.180304 0.000000 -0.983611 1.032187 1.032187 1.032187
327.213928 0.000000 2428.718506 0.000000 0.554427 0.000000 0.832232 0.491081 0.491081 0.491081
323.806549 0.000000 2423.303955 0.000000 0.143858 0.000000 0.989598 0.191465 0.191465 0.191465
328.539612 0.000000 2430.520264 0.000000 0.999997 0.000000 -0.002516 0.700682 0.700682 0.700682
323.590088 0.000000 2425.341553 0.000000 0.902435 0.000000 0.430825 0.630257 0.630257 0.630257
328.893982 0.000000 2427.928955 0.000000 0.648972 0.000000 -0.760812 0.906691 0.906691 0.906691
327.186646 0.000000 2426.732178 0.000000 0.997884 0.000000 0.065016 0.681080 0.681080 0.681080
331.404419 0.000000 2430.442383 0.000000 0.115427 0.000000 -0.993316 1.045838 1.045838 1.045838
325.134003 0.000000 2424.339355 0.000000 0.524642 0.000000 -0.851323 1.063103 1.063103 1.063103
327.140991 0.000000 2431.266113 0.000000 0.607240 0.000000 0.794518 0.587032 0.587032 0.587032
326.779541 0.000000 2424.914551 0.000000 0.396329 0.000000 0.918108 0.395873 0.395873 0.395873
325.181061 0.000000 2422.360352 0.000000 0.809516 0.000000 0.587097 0.476303 0.476303 0.476303
322.167542 0.000000 2422.644043 0.000000 0.085516 0.000000 0.996337 0.170524 0.170524 0.170524
329.988586 0.000000 2430.855225 0.000000 0.981791 0.000000 0.189966 0.648162 0.648162 0.648162
322.650879 0.000000 2424.218750 0.000000 0.927253 0.000000 0.374437 0.639905 0.639905 0.639905
328.514862 0.000000 2429.193848 0.000000 0.805463 0.000000 0.592646 0.554557 0.554557 0.554557
327.360229 0.000000 2429.980469 0.000000 0.997091 0.000000 -0.076218 0.716212 0.716212 0.716212
329.897400 0.000000 2427.122559 0.000000 0.527044 0.000000 0.849838 0.457183 0.457183 0.457183
326.481079 0.000000 2427.777832 0.000000 0.407027 0.000000 -0.913416 1.034883 1.034883 1.034883
327.737244 0.000000 2425.666748 0.000000 0.512785 0.000000 -0.858517 0.969902 0.969902 0.969902
331.342529 0.000000 2432.193115 0.000000 0.999768 0.000000 0.021547 0.693583 0.693583 0.693583
328.044830 0.000000 2432.744141 0.000000 0.537356 0.000000 0.843356 0.357678 0.357678 0.357678
329.834473 0.000000 2433.410645 0.000000 0.673935 0.000000 -0.738791 0.983571 0.983571 0.983571
329.181305 0.000000 2431.547852 0.000000 0.149895 0.000000 0.988702 0.314770 0.314770 0.314770
327.109192 0.000000 2431.437012 0.000000 0.968344 0.000000 -0.249620 0.731039 0.731039 0.731039
331.696838 0.000000 2433.342529 0.000000 0.943296 0.000000 -0.331952 0.800763 0.800763 0.800763
330.172729 0.000000 2432.288818 0.000000 0.982644 0.000000 -0.185500 0.755561 0.755561 0.755561
2241.229004 0.000000 2063.356445 0.000000 0.999990 0.000000 -0.004518 0.700044 0.700044 0.700044
2247.893799 0.000000 2076.824463 0.000000 0.987022 0.000000 -0.160588 0.700677 0.700677 0.700677
2249.402100 0.000000 2057.745361 0.000000 0.817116 0.000000 -0.576473 0.715462 0.715462 0.715462
2245.087891 0.000000 2071.826416 0.000000 0.953953 0.000000 -0.299957 0.705537 0.705537 0.705537
2250.898438 0.000000 2072.571045 0.000000 0.992228 0.000000 0.124436 0.696860 0.696860 0.696860
2251.830078 0.000000 2053.106201 0.000000 0.408091 0.000000 0.912941 0.677483 0.677483 0.677483
2245.714600 0.000000 2058.672119 0.000000 0.238607 0.000000 -0.971116 0.733466 0.733466 0.733466
2245.215088 0.000000 2065.822266 0.000000 0.999966 0.000000 0.008288 0.699815 0.699815 0.699815
2243.072021 0.000000 2060.562744 0.000000 0.525529 0.000000 -0.850776 0.724182 0.724182 0.724182
2248.947510 0.000000 2054.399902 0.000000 0.329756 0.000000 0.944066 0.668927 0.668927 0.668927
2247.729004 0.000000 2073.621826 0.000000 0.698186 0.000000 0.715917 0.679920 0.679920 0.679920
2262.700195 0.000000 2206.900635 0.000000 0.010295 0.000000 0.999947 0.680365 0.680365 0.680365
2266.696289 0.000000 2217.274170 0.000000 0.587785 0.000000 -0.809017 0.732941 0.732941 0.732941
2271.041504 0.000000 2231.402588 0.000000 0.976040 0.000000 -0.217592 0.707667 0.707667 0.707667
2270.442627 0.000000 2211.277588 0.000000 0.211147 0.000000 0.977454 0.686710 0.686710 0.686710
2273.394287 0.000000 2216.337402 0.000000 0.336085 0.000000 -0.941832 0.708584 0.708584 0.708584
2265.133789 0.000000 2212.199463 0.000000 0.803715 0.000000 0.595014 0.685745 0.685745 0.685745
2267.295410 0.000000 2207.718994 0.000000 0.508500 0.000000 -0.861062 0.736257 0.736257 0.736257
2268.395020 0.000000 2227.878418 0.000000 0.993480 0.000000 0.114009 0.697604 0.697604 0.697604
2269.822266 0.000000 2215.041260 0.000000 0.764692 0.000000 0.644396 0.675526 0.675526 0.675526
2271.245850 0.000000 2228.433350 0.000000 0.539342 0.000000 -0.842087 0.734992 0.734992 0.734992
2264.556396 0.000000 2209.139893 0.000000 0.960929 0.000000 0.276794 0.690198 0.690198 0.690198
2268.020752 0.000000 2212.800049 0.000000 0.632984 0.000000 0.774165 0.665340 0.665340 0.665340
2268.001465 0.000000 2230.489014 0.000000 0.032903 0.000000 0.999459 0.646248 0.646248 0.646248
2268.036621 0.000000 2210.184814 0.000000 0.682572 0.000000 -0.730819 0.730935 0.730935 0.730935
2355.415771 0.000000 2212.303223 0.000000 0.156987 0.000000 -0.987601 0.723708 0.723708 0.723708
2354.080811 0.000000 2235.861328 0.000000 0.555727 0.000000 -0.831365 0.734307 0.734307 0.734307
2349.608154 0.000000 2218.769287 0.000000 0.957345 0.000000 -0.288946 0.703278 0.703278 0.703278
2355.589600 0.000000 2217.175293 0.000000 0.139046 0.000000 -0.990286 0.732017 0.732017 0.732017
2351.893066 0.000000 2214.917480 0.000000 0.995443 0.000000 -0.095356 0.703338 0.703338 0.703338
2357.708008 0.000000 2237.534912 0.000000 0.071009 0.000000 -0.997476 0.752418 0.752418 0.752418
2353.147705 0.000000 2219.974365 0.000000 0.286356 0.000000 0.958123 0.673149 0.673149 0.673149
2354.572021 0.000000 2239.443848 0.000000 0.902256 0.000000 0.431200 0.684418 0.684418 0.684418
2358.772217 0.000000 2240.205322 0.000000 0.506177 0.000000 -0.862430 0.714541 0.714541 0.714541
2355.659668 0.000000 2239.889893 0.000000 0.478827 0.000000 0.877909 0.662550 0.662550 0.662550
"}
