object={
	name="bridge 01"
	render_pass=MapUnderWater
	clamp_to_water_level=no
	generated_content=no
	layer="temp_layer"
	pdxmesh="bridge_01_mesh"
	count=58
	transform="4417.448730 1.013183 2352.435547 0.000000 0.342359 0.000000 0.939569 0.746174 0.746174 0.746174
4300.194336 0.648193 2396.879639 0.000000 -0.868418 0.000000 0.495834 0.844550 0.844550 0.844550
4322.381348 0.998291 2459.259766 0.000000 -0.195091 0.000000 0.980785 0.746755 0.746755 0.746755
4461.540527 0.607910 2465.456055 0.000000 -0.361895 0.000000 0.932219 0.752319 0.752319 0.752319
4381.722656 1.573242 2307.098145 0.000000 -0.286282 0.000000 0.958145 0.809193 0.809193 0.809193
4435.839355 0.599121 2506.280273 0.000000 0.041675 0.000000 0.999131 0.874673 0.874673 0.874673
4224.863281 1.102295 2460.925293 0.000000 -0.374606 0.000000 0.927184 0.794705 0.794705 0.794705
4280.577148 1.114502 2518.329346 0.000000 -0.628740 0.000000 0.777616 0.778467 0.778467 0.778467
4278.924805 0.730713 2532.545898 0.000000 0.238049 0.000000 0.971253 0.904199 0.904199 0.904199
4545.979492 -0.279297 2526.146240 0.000000 -0.498168 0.000000 0.867081 0.622046 0.622046 0.622046
4547.712402 0.446045 2525.372070 0.000000 -0.576402 0.000000 0.817166 0.667603 0.667603 0.667603
4549.539062 -0.090332 2524.882324 0.000000 -0.643900 0.000000 0.765109 0.569751 0.569751 0.569751
4551.187012 0.053711 2524.824463 0.000000 -0.720868 0.000000 0.693072 0.568532 0.568532 0.568532
4757.243164 1.096680 2668.591309 0.000000 -0.306509 0.000000 0.951868 0.750147 0.750147 0.750147
4821.057129 0.000000 2684.695068 0.000000 0.295217 0.000000 0.955430 0.787440 0.787440 0.787440
4877.091309 0.753662 2653.031494 0.000000 -0.118556 0.000000 0.992947 0.787831 0.787831 0.787831
4839.441406 0.000000 2513.520264 0.000000 0.029598 0.000000 0.999562 0.799243 0.799243 0.799243
4819.750977 0.054932 2595.308105 0.000000 -0.265750 0.000000 0.964042 0.850952 0.850952 0.850952
4876.230469 0.000000 2571.596680 0.000000 0.417918 0.000000 0.908485 0.722699 0.722699 0.722699
4925.586426 0.000000 2421.672119 0.000000 0.158207 0.000000 0.987406 0.906278 0.906278 0.906278
4905.991699 0.000000 2379.235107 0.000000 0.267456 0.000000 0.963570 0.819427 0.819427 0.819427
4979.809570 0.000000 2360.281250 0.000000 0.653099 0.000000 0.757272 0.803564 0.803564 0.803564
4950.200684 0.000000 2331.694580 0.000000 -0.314573 0.000000 0.949233 0.866117 0.866117 0.866117
4887.646484 0.000000 2338.439453 0.000000 0.384601 0.000000 0.923083 0.877783 0.877783 0.877783
5017.918945 0.000000 2234.350830 0.000000 -0.386234 0.000000 0.922401 0.745117 0.745117 0.745117
4954.357910 0.000000 2181.723145 0.000000 -0.029781 0.000000 0.999556 0.872442 0.872442 0.872442
4869.184082 0.000000 2218.791992 0.000000 0.242907 0.000000 0.970050 0.829663 0.829663 0.829663
5086.151855 0.000000 2183.356689 0.000000 -0.438600 0.000000 0.898682 0.802881 0.802881 0.802881
5039.228027 0.000000 2049.839844 0.000000 -0.113888 0.000000 0.993494 0.852185 0.852185 0.852185
4967.393555 0.580078 2093.249268 0.000000 0.415255 0.000000 0.909705 0.841895 0.841895 0.841895
4979.713379 0.221436 2013.163330 0.000000 -0.559625 0.000000 0.828746 0.775411 0.775411 0.775411
4999.343262 0.000000 2011.673218 0.000000 0.341843 0.000000 0.939757 0.843246 0.843246 0.843246
4937.910645 0.206909 1986.180176 0.000000 -0.179323 0.000000 0.983790 0.791052 0.791052 0.791052
4970.849609 0.251465 1968.234497 0.000000 -0.037772 0.000000 0.999286 0.808378 0.808378 0.808378
4293.549805 0.874268 2901.298584 0.000000 -0.162484 0.000000 0.986711 0.799755 0.799755 0.799755
4267.147949 0.697021 2890.050537 0.000000 -0.344709 0.000000 0.938710 0.781842 0.781842 0.781842
4228.395508 0.845215 2868.018066 0.000000 -0.173735 0.000000 0.984792 0.678928 0.678928 0.678928
4212.321289 0.394287 2874.476074 0.000000 0.380371 0.000000 0.924834 0.788194 0.788194 0.788194
4211.604492 0.441162 2853.800293 0.000000 -0.585938 0.000000 0.810356 0.654447 0.654447 0.654447
4166.794922 0.605957 2861.252930 0.000000 0.537015 0.000000 0.843573 0.575235 0.575235 0.575235
4118.339844 0.687988 2943.330811 0.000000 -0.282244 0.000000 0.959343 0.565468 0.565468 0.565468
4069.403076 0.308105 2973.826416 0.000000 0.088568 0.000000 0.996070 0.680528 0.680528 0.680528
4190.660156 1.235840 2996.194092 0.000000 -0.457751 0.000000 0.889080 0.699044 0.699044 0.699044
4164.899902 0.829346 3012.097168 0.000000 -0.519343 0.000000 0.854566 0.700684 0.700684 0.700684
4228.022461 0.882080 3012.630615 0.000000 -0.375625 0.000000 0.926772 0.719266 0.719266 0.719266
4217.398438 0.605957 3035.032959 0.000000 0.058926 0.000000 0.998262 0.740063 0.740063 0.740063
4326.862305 0.813721 3035.215576 0.000000 0.346599 0.000000 0.938013 0.737331 0.737331 0.737331
4345.926270 1.073975 3057.398926 0.000000 -0.542769 0.000000 0.839882 0.609806 0.609806 0.609806
4407.542480 1.045166 3046.287354 0.000000 0.323135 0.000000 0.946353 0.814404 0.814404 0.814404
4430.333008 1.216309 3027.238770 0.000000 0.595296 0.000000 0.803506 0.767480 0.767480 0.767480
4462.748535 1.008057 3009.298584 0.000000 0.223142 0.000000 0.974786 0.730981 0.730981 0.730981
4496.089844 0.600342 3002.449463 0.000000 0.373871 0.000000 0.927481 0.777661 0.777661 0.777661
4504.692871 0.618408 2980.681885 0.000000 0.729191 0.000000 0.684310 0.668604 0.668604 0.668604
4518.030273 0.398438 2967.289795 0.000000 0.170128 0.000000 0.985422 0.691016 0.691016 0.691016
4517.039551 0.916992 2961.152832 0.000000 -0.127278 0.000000 0.991867 0.684409 0.684409 0.684409
4493.548340 1.023682 2948.139893 0.000000 -0.170068 0.000000 0.985432 0.693848 0.693848 0.693848
4360.593262 0.761719 2900.320312 0.000000 -0.049723 0.000000 0.998763 0.735887 0.735887 0.735887
4402.030273 1.161865 2910.420166 0.000000 -0.274976 0.000000 0.961451 0.678465 0.678465 0.678465
"}
