object={
	name="env_desert_ambient_close"
	render_pass=Map
	clamp_to_water_level=yes
	generated_content=no
	layer="env_effect_layer"
	entity="env_desert_plains_ambient"
	count=0
}
object={
	name="env_desert_mountains"
	render_pass=Map
	clamp_to_water_level=yes
	generated_content=no
	layer="env_effect_mountains_layer"
	entity="env_desert_mountains"
	count=0
}
object={
	name="env_desert_plains"
	render_pass=Map
	clamp_to_water_level=yes
	generated_content=no
	layer="env_effect_layer"
	entity="env_desert_plains"
	count=0
}
object={
	name="env_desert_plains_ambient"
	render_pass=Map
	clamp_to_water_level=yes
	generated_content=no
	layer="env_effect_layer"
	entity="env_desert_plains_ambient"
	count=0
}
object={
	name="env_forest_mountains"
	render_pass=Map
	clamp_to_water_level=yes
	generated_content=no
	layer="env_effect_mountains_layer"
	entity="env_mist_sun"
	count=0
}
object={
	name="env_mist_forest"
	render_pass=Map
	clamp_to_water_level=yes
	generated_content=no
	layer="env_effect_layer"
	entity="env_mist_sun"
	count=34
	transform="4433.155762 0.000000 2402.045166 0.000000 0.000000 0.000000 1.000000 1.000000 1.000000 1.000000
4460.259277 0.000000 2417.934326 0.000000 0.000000 0.000000 1.000000 1.000000 1.000000 1.000000
4472.615234 0.000000 2393.669434 0.000000 0.000000 0.000000 1.000000 1.000000 1.000000 1.000000
4489.400879 0.000000 2414.670654 0.000000 0.000000 0.000000 1.000000 1.000000 1.000000 1.000000
4501.778809 0.000000 2391.387695 0.000000 0.000000 0.000000 1.000000 1.000000 1.000000 1.000000
4588.448242 0.000000 2405.656738 0.000000 0.000000 0.000000 1.000000 1.000000 1.000000 1.000000
4570.907227 0.000000 2390.764648 0.000000 0.000000 0.000000 1.000000 1.000000 1.000000 1.000000
4560.115234 0.000000 2415.812012 0.000000 0.000000 0.000000 1.000000 1.000000 1.000000 1.000000
4551.201660 0.000000 2359.287842 0.000000 0.000000 0.000000 1.000000 1.000000 1.000000 1.000000
4615.231445 0.000000 2468.186768 0.000000 0.000000 0.000000 1.000000 1.000000 1.000000 1.000000
4591.744141 0.000000 2468.312500 0.000000 0.000000 0.000000 1.000000 1.000000 1.000000 1.000000
4293.673340 0.000000 2325.306641 0.000000 0.000000 0.000000 1.000000 1.000000 1.000000 1.000000
4281.892578 0.000000 2342.188721 0.000000 0.000000 0.000000 1.000000 1.000000 1.000000 1.000000
4360.601074 0.000000 2286.655518 0.000000 0.000000 0.000000 1.000000 1.000000 1.000000 1.000000
4283.326172 0.000000 2331.399170 0.000000 0.000000 0.000000 1.000000 1.000000 1.000000 1.000000
4276.981445 0.000000 2348.900391 0.000000 0.000000 0.000000 1.000000 1.000000 1.000000 1.000000
4290.199707 0.000000 2325.408203 0.000000 0.000000 0.000000 1.000000 1.000000 1.000000 1.000000
4358.015137 0.000000 2296.900146 0.000000 0.000000 0.000000 1.000000 1.000000 1.000000 1.000000
4365.861328 0.000000 2280.626953 0.000000 0.000000 0.000000 1.000000 1.000000 1.000000 1.000000
4474.811523 0.000000 2387.993896 0.000000 0.000000 0.000000 1.000000 1.000000 1.000000 1.000000
4506.356445 0.000000 2402.857178 0.000000 0.000000 0.000000 1.000000 1.000000 1.000000 1.000000
4478.736816 0.000000 2417.516357 0.000000 0.000000 0.000000 1.000000 1.000000 1.000000 1.000000
4457.646484 0.000000 2424.805420 0.000000 0.000000 0.000000 1.000000 1.000000 1.000000 1.000000
4429.156250 0.000000 2405.260498 0.000000 0.000000 0.000000 1.000000 1.000000 1.000000 1.000000
4432.523926 0.000000 2395.184814 0.000000 0.000000 0.000000 1.000000 1.000000 1.000000 1.000000
4573.856934 0.000000 2373.191895 0.000000 0.000000 0.000000 1.000000 1.000000 1.000000 1.000000
4582.596680 0.000000 2388.264160 0.000000 0.000000 0.000000 1.000000 1.000000 1.000000 1.000000
4557.131836 0.000000 2393.917480 0.000000 0.000000 0.000000 1.000000 1.000000 1.000000 1.000000
4553.716309 0.000000 2408.382568 0.000000 0.000000 0.000000 1.000000 1.000000 1.000000 1.000000
4569.297852 0.000000 2421.375977 0.000000 0.000000 0.000000 1.000000 1.000000 1.000000 1.000000
4590.834961 0.000000 2402.483643 0.000000 0.000000 0.000000 1.000000 1.000000 1.000000 1.000000
4548.652832 0.000000 2376.328857 0.000000 0.000000 0.000000 1.000000 1.000000 1.000000 1.000000
4549.381836 0.000000 2342.233887 0.000000 0.000000 0.000000 1.000000 1.000000 1.000000 1.000000
4565.407715 0.000000 2365.925781 0.000000 0.000000 0.000000 1.000000 1.000000 1.000000 1.000000
"}
object={
	name="env_snow_mountains"
	render_pass=Map
	clamp_to_water_level=yes
	generated_content=no
	layer="env_effect_mountains_layer"
	entity="env_snow_mountains"
	count=24
	transform="4585.818848 0.000000 2470.358398 0.000000 0.000000 0.000000 1.000000 1.000000 1.000000 1.000000
4570.293457 0.000000 2480.821777 0.000000 0.192396 0.000000 0.981317 1.000000 1.000000 1.000000
4588.248535 0.000000 2477.397217 0.000000 -0.245748 0.000000 0.969334 0.477344 0.477344 0.477344
4416.087891 0.000000 2601.229492 0.000000 0.161822 0.000000 0.986820 1.529951 1.529951 1.529951
4489.043945 0.000000 2589.399658 0.000000 -0.160497 0.000000 0.987036 1.529951 1.529951 1.529951
4540.024414 0.000000 2571.559814 0.000000 0.249000 0.000000 0.968503 1.529951 1.529951 1.529951
4572.967285 0.000000 2550.974609 0.000000 0.010193 0.000000 0.999948 1.553897 1.553897 1.553897
4453.434570 0.000000 2614.872314 0.000000 0.000000 0.000000 1.000000 1.000000 1.000000 1.000000
4507.244629 0.000000 2616.462402 0.000000 0.000000 0.000000 1.000000 1.000000 1.000000 1.000000
4384.891602 0.000000 2740.454590 0.000000 0.000000 0.000000 1.000000 1.402295 1.402295 1.402295
4442.807617 0.000000 2662.810303 0.000000 0.000000 0.000000 1.000000 1.807031 1.807031 1.807031
4532.164062 0.000000 2712.820312 0.000000 0.000000 0.000000 1.000000 1.619287 1.619287 1.619287
4622.970703 0.000000 2813.915771 0.000000 0.000000 0.000000 1.000000 1.736548 1.736548 1.736548
4570.224609 0.000000 2737.881592 0.000000 0.000000 0.000000 1.000000 1.574219 1.574219 1.574219
4299.756348 0.000000 2801.634277 0.000000 0.000000 0.000000 1.000000 1.424707 1.424707 1.424707
4391.611328 0.000000 2809.346924 0.000000 0.000000 0.000000 1.000000 1.645630 1.645630 1.645630
4469.918457 0.000000 2750.882812 0.000000 0.000000 0.000000 1.000000 1.423323 1.423323 1.423323
5133.944824 0.000000 2074.816895 0.000000 0.000000 0.000000 1.000000 0.949687 0.949687 0.949687
5153.189453 0.000000 2034.977661 0.000000 0.000000 0.000000 1.000000 1.103259 1.103259 1.103259
5096.274414 0.000000 1988.322510 0.000000 0.000000 0.000000 1.000000 1.295081 1.295081 1.295081
5046.124023 0.000000 1974.093506 0.000000 0.000000 0.000000 1.000000 1.230789 1.230789 1.230789
5009.118164 0.000000 1960.763306 0.000000 0.000000 0.000000 1.000000 1.012769 1.012769 1.012769
4930.838379 0.000000 1928.422363 0.000000 0.000000 0.000000 1.000000 1.116772 1.116772 1.116772
4893.639648 0.000000 1948.098389 0.000000 0.000000 0.000000 1.000000 1.000000 1.000000 1.000000
"}
object={
	name="env_snow_plains"
	render_pass=Map
	clamp_to_water_level=yes
	generated_content=no
	layer="env_effect_layer"
	entity="env_snow_plains"
	count=0
}
object={
	name="env_snow_plains_ambient"
	render_pass=Map
	clamp_to_water_level=yes
	generated_content=no
	layer="env_effect_layer"
	entity="env_snow_plains_ambient"
	count=0
}
object={
	name="waterfall"
	render_pass=Map
	clamp_to_water_level=yes
	generated_content=no
	layer="coast_foam_layer"
	entity="waterfall"
	count=0
}
object={
	name="waterfall_bottom"
	render_pass=Map
	clamp_to_water_level=yes
	generated_content=no
	layer="coast_foam_layer"
	entity="waterfall_bottom"
	count=0
}
