object={
	name="lakes"
	render_pass=Map
	clamp_to_water_level=no
	generated_content=no
	layer="lake_layer"
	pdxmesh="lake_mesh"
	count=19
	transform="4428.659180 2.146972 2423.207031 0.000000 -0.342531 0.000000 0.939507 7.345572 7.345572 7.345572
4425.289551 2.962158 2712.304932 0.000000 0.000000 0.000000 1.000000 9.516463 9.516463 9.516463
4504.994629 1.278809 2739.414307 0.000000 0.549875 0.000000 0.835247 18.809837 18.809837 18.809837
4536.623047 2.230225 2685.427246 0.000000 0.000000 0.000000 1.000000 29.726465 29.726465 29.726465
4547.559570 0.464355 2751.308350 0.000000 0.469001 0.000000 0.883198 32.025803 32.025803 32.025803
4339.288574 2.420898 2740.033203 0.000000 0.535005 0.000000 0.844849 13.192182 13.192182 13.192182
4474.844238 0.211670 2796.758789 0.000000 0.000000 0.000000 1.000000 37.510391 37.510391 37.510391
4572.986328 1.365722 2791.877197 0.000000 0.000000 0.000000 1.000000 37.378223 37.378223 37.378223
5084.927246 0.890991 2020.105835 0.000000 0.706849 0.000000 0.707364 5.567846 5.567846 5.567846
5078.649414 0.874756 2423.456787 0.000000 0.000000 0.000000 1.000000 13.729680 13.729680 13.729680
5103.948730 0.324463 2058.717041 0.000000 0.000000 0.000000 1.000000 8.418560 8.418560 8.418560
5105.222168 0.819824 2052.570801 0.000000 0.000000 0.000000 1.000000 8.201341 8.201341 8.201341
5094.349609 0.835693 2054.504395 0.000000 0.773457 0.000000 0.633849 3.661706 3.661706 3.661706
5114.258301 0.910767 2058.655273 0.000000 0.731650 0.000000 0.681680 2.931309 2.931309 2.931309
5125.507324 0.000000 2146.664795 0.000000 0.000000 0.000000 1.000000 20.970781 20.970781 20.970781
4838.836426 0.702881 2362.014404 0.000000 0.000000 0.000000 1.000000 4.759836 4.759836 4.759836
5026.052246 0.254150 2407.088623 0.000000 0.311037 0.000000 0.950398 6.863210 6.863210 6.863210
4307.603027 1.292969 2945.921875 0.000000 0.676127 0.000000 0.736785 12.992539 12.992539 12.992539
4223.953613 1.694580 2965.798584 0.000000 0.000000 0.000000 1.000000 16.585672 16.585672 16.585672
"}
